0.0250000000000000
0.0250000000000000
0.0250000000000000
0.0250000000000000
0.0250000000000000
0.0250000000000000
0.0140000000000000
-0.0020000000000000
-0.0010000000000000
0.0210000000000000
0.0350000000000000
0.0240000000000000
0.0100000000000000
-0.0010000000000000
-0.0130000000000000
-0.0250000000000000
-0.0390000000000000
-0.0350000000000000
-0.0140000000000000
-0.0240000000000000
-0.0700000000000000
-0.0620000000000000
-0.0740000000000000
-0.1040000000000000
-0.1150000000000000
-0.1100000000000000
-0.1100000000000000
-0.1100000000000000
-0.1100000000000000
-0.1100000000000000
-0.1100000000000000
-0.1060000000000000
-0.1050000000000000
-0.1050000000000000
-0.1050000000000000
-0.1050000000000000
-0.1020000000000000
-0.1260000000000000
-0.1450000000000000
-0.1450000000000000
-0.1500000000000000
-0.1550000000000000
-0.1550000000000000
-0.1570000000000000
-0.1600000000000000
-0.1600000000000000
-0.1640000000000000
-0.1680000000000000
-0.1560000000000000
-0.1270000000000000
-0.1050000000000000
-0.1240000000000000
-0.1750000000000000
-0.1860000000000000
-0.1800000000000000
-0.2150000000000000
-0.2090000000000000
-0.1980000000000000
-0.1910000000000000
-0.1830000000000000
-0.1750000000000000
-0.1670000000000000
-0.1580000000000000
-0.1540000000000000
-0.1550000000000000
-0.1550000000000000
-0.1550000000000000
-0.1560000000000000
-0.1510000000000000
-0.1540000000000000
-0.1750000000000000
-0.1720000000000000
-0.1690000000000000
-0.1700000000000000
-0.1700000000000000
-0.1700000000000000
-0.1660000000000000
-0.1650000000000000
-0.1650000000000000
-0.1650000000000000
-0.1650000000000000
-0.1650000000000000
-0.1620000000000000
-0.1590000000000000
-0.1600000000000000
-0.1600000000000000
-0.1600000000000000
-0.1610000000000000
-0.1580000000000000
-0.1550000000000000
-0.1550000000000000
-0.1510000000000000
-0.1500000000000000
-0.1480000000000000
-0.1450000000000000
-0.1450000000000000
-0.1410000000000000
-0.1400000000000000
-0.1380000000000000
-0.1350000000000000
-0.1350000000000000
-0.1270000000000000
-0.1210000000000000
-0.1180000000000000
-0.1140000000000000
-0.1100000000000000
-0.1060000000000000
-0.1030000000000000
-0.0960000000000000
-0.0890000000000000
-0.0850000000000000
-0.0810000000000000
-0.0770000000000000
-0.0730000000000000
-0.0690000000000000
-0.0650000000000000
-0.0610000000000000
-0.0600000000000000
-0.0600000000000000
-0.0600000000000000
-0.0600000000000000
-0.0600000000000000
-0.0600000000000000
-0.0600000000000000
-0.0590000000000000
-0.0550000000000000
-0.0550000000000000
-0.0550000000000000
-0.0550000000000000
-0.0550000000000000
-0.0550000000000000
-0.0550000000000000
-0.0540000000000000
-0.0600000000000000
-0.0720000000000000
-0.0750000000000000
-0.0740000000000000
-0.0790000000000000
-0.0790000000000000
-0.0840000000000000
-0.1050000000000000
-0.1100000000000000
-0.1110000000000000
-0.1230000000000000
-0.1370000000000000
-0.1400000000000000
-0.1400000000000000
-0.1400000000000000
-0.1400000000000000
-0.1400000000000000
-0.1400000000000000
-0.1380000000000000
-0.1520000000000000
-0.1640000000000000
-0.1660000000000000
-0.1700000000000000
-0.1750000000000000
-0.1750000000000000
-0.1770000000000000
-0.1800000000000000
-0.1800000000000000
-0.1800000000000000
-0.1800000000000000
-0.1800000000000000
-0.1800000000000000
-0.1800000000000000
-0.1800000000000000
-0.1800000000000000
-0.1800000000000000
-0.1800000000000000
-0.1800000000000000
-0.1800000000000000
-0.1800000000000000
-0.1800000000000000
-0.1800000000000000
-0.1800000000000000
-0.1800000000000000
-0.1800000000000000
-0.1800000000000000
-0.1800000000000000
-0.1800000000000000
-0.1800000000000000
-0.1800000000000000
-0.1800000000000000
-0.1800000000000000
-0.1800000000000000
-0.1680000000000000
-0.1560000000000000
-0.1440000000000000
-0.1320000000000000
-0.1200000000000000
-0.1030000000000000
-0.0940000000000000
-0.0510000000000000
0.0310000000000000
0.1100000000000000
0.1920000000000000
0.2890000000000000
0.3740000000000000
0.4410000000000000
0.5150000000000000
0.6090000000000000
0.7100000000000000
0.7920000000000000
0.8380000000000000
0.8850000000000000
0.9770000000000000
0.9290000000000000
0.6929999999999999
0.3860000000000000
0.1050000000000000
-0.1850000000000000
-0.4130000000000000
-0.6250000000000000
-0.8120000000000001
-0.8650000000000000
-0.7640000000000000
-0.6380000000000000
-0.5560000000000000
-0.5000000000000000
-0.4400000000000000
-0.3920000000000000
-0.3420000000000000
-0.3040000000000000
-0.2780000000000000
-0.2500000000000000
-0.2300000000000000
-0.2120000000000000
-0.2010000000000000
-0.2000000000000000
-0.2000000000000000
-0.2000000000000000
-0.2000000000000000
-0.2000000000000000
-0.2000000000000000
-0.2000000000000000
-0.1960000000000000
-0.1920000000000000
-0.1880000000000000
-0.1850000000000000
-0.1850000000000000
-0.1810000000000000
-0.1760000000000000
-0.1750000000000000
-0.1740000000000000
-0.1700000000000000
-0.1650000000000000
-0.1650000000000000
-0.1630000000000000
-0.1590000000000000
-0.1600000000000000
-0.1600000000000000
-0.1570000000000000
-0.1550000000000000
-0.1550000000000000
-0.1550000000000000
-0.1550000000000000
-0.1520000000000000
-0.1490000000000000
-0.1500000000000000
-0.1500000000000000
-0.1460000000000000
-0.1450000000000000
-0.1450000000000000
-0.1450000000000000
-0.1450000000000000
-0.1410000000000000
-0.1400000000000000
-0.1400000000000000
-0.1400000000000000
-0.1400000000000000
-0.1360000000000000
-0.1310000000000000
-0.1300000000000000
-0.1290000000000000
-0.1250000000000000
-0.1250000000000000
-0.1230000000000000
-0.1170000000000000
-0.1150000000000000
-0.1150000000000000
-0.1110000000000000
-0.1100000000000000
-0.1090000000000000
-0.1040000000000000
-0.1000000000000000
-0.0960000000000000
-0.0950000000000000
-0.0940000000000000
-0.0890000000000000
-0.0850000000000000
-0.0850000000000000
-0.0830000000000000
-0.0770000000000000
-0.0750000000000000
-0.0750000000000000
-0.0670000000000000
-0.0580000000000000
-0.0530000000000000
-0.0480000000000000
-0.0400000000000000
-0.0320000000000000
-0.0230000000000000
-0.0350000000000000
-0.0510000000000000
-0.0400000000000000
-0.0360000000000000
-0.0290000000000000
-0.0230000000000000
-0.0180000000000000
-0.0100000000000000
-0.0070000000000000
0.0110000000000000
0.0380000000000000
0.0510000000000000
0.0400000000000000
0.0320000000000000
0.0600000000000000
0.0780000000000000
0.0680000000000000
0.0650000000000000
0.0610000000000000
0.0570000000000000
0.0530000000000000
0.0490000000000000
0.0500000000000000
0.0600000000000000
0.0840000000000000
0.1000000000000000
0.1000000000000000
0.1000000000000000
0.1000000000000000
0.0980000000000000
0.1070000000000000
0.1230000000000000
0.1250000000000000
0.1250000000000000
0.1280000000000000
0.1310000000000000
0.1290000000000000
0.1250000000000000
0.1210000000000000
0.1200000000000000
0.1180000000000000
0.1150000000000000
0.1150000000000000
0.1110000000000000
0.1060000000000000
0.1050000000000000
0.1040000000000000
0.1000000000000000
0.1000000000000000
0.0970000000000000
0.0930000000000000
0.0890000000000000
0.0850000000000000
0.0810000000000000
0.0800000000000000
0.0790000000000000
0.0740000000000000
0.0700000000000000
0.0660000000000000
0.0610000000000000
0.0600000000000000
0.0590000000000000
0.0500000000000000
0.0420000000000000
0.0340000000000000
0.0260000000000000
0.0180000000000000
0.0100000000000000
0.0060000000000000
-0.0010000000000000
-0.0070000000000000
-0.0120000000000000
-0.0200000000000000
-0.0240000000000000
-0.0310000000000000
-0.0380000000000000
-0.0400000000000000
-0.0400000000000000
-0.0380000000000000
-0.0530000000000000
-0.0600000000000000
-0.0540000000000000
-0.0550000000000000
-0.0550000000000000
-0.0550000000000000
-0.0550000000000000
-0.0550000000000000
-0.0550000000000000
-0.0600000000000000
-0.0570000000000000
-0.0740000000000000
-0.0970000000000000
-0.0900000000000000
-0.0890000000000000
-0.0900000000000000
-0.0900000000000000
-0.0900000000000000
-0.0900000000000000
-0.0900000000000000
-0.0900000000000000
-0.0900000000000000
-0.0900000000000000
-0.0900000000000000
-0.0900000000000000
-0.0900000000000000
-0.0900000000000000
-0.0900000000000000
-0.0900000000000000
-0.0900000000000000
-0.0870000000000000
-0.0820000000000000
-0.0800000000000000
-0.0800000000000000
-0.0760000000000000
-0.0710000000000000
-0.0700000000000000
-0.0690000000000000
-0.0600000000000000
-0.0520000000000000
-0.0430000000000000
-0.0380000000000000
-0.0330000000000000
-0.0400000000000000
-0.0830000000000000
-0.0880000000000000
-0.0760000000000000
-0.0740000000000000
-0.0650000000000000
-0.0610000000000000
-0.0540000000000000
-0.0480000000000000
-0.0440000000000000
-0.0350000000000000
-0.0270000000000000
-0.0520000000000000
-0.0670000000000000
-0.0590000000000000
-0.0600000000000000
-0.0560000000000000
-0.0550000000000000
-0.0530000000000000
-0.0490000000000000
-0.0500000000000000
-0.0510000000000000
-0.0470000000000000
-0.0450000000000000
-0.0440000000000000
-0.0400000000000000
-0.0400000000000000
-0.0370000000000000
-0.0340000000000000
-0.0350000000000000
-0.0350000000000000
-0.0310000000000000
-0.0270000000000000
-0.0230000000000000
-0.0190000000000000
-0.0150000000000000
-0.0110000000000000
-0.0090000000000000
0.0050000000000000
0.0320000000000000
0.0500000000000000
0.0470000000000000
0.0440000000000000
0.0460000000000000
0.0440000000000000
0.0400000000000000
0.0400000000000000
0.0410000000000000
0.0380000000000000
0.0350000000000000
0.0350000000000000
0.0350000000000000
0.0320000000000000
0.0290000000000000
0.0300000000000000
0.0300000000000000
0.0260000000000000
0.0240000000000000
0.0260000000000000
0.0240000000000000
0.0200000000000000
0.0200000000000000
0.0210000000000000
0.0170000000000000
0.0080000000000000
0.0050000000000000
0.0010000000000000
-0.0060000000000000
-0.0130000000000000
-0.0150000000000000
-0.0200000000000000
-0.0410000000000000
-0.0470000000000000
-0.0440000000000000
-0.0450000000000000
-0.0450000000000000
-0.0460000000000000
-0.0390000000000000
-0.0500000000000000
-0.0660000000000000
-0.0500000000000000
-0.0340000000000000
-0.0870000000000000
-0.1200000000000000
-0.1010000000000000
-0.0950000000000000
-0.0910000000000000
-0.0840000000000000
-0.0760000000000000
-0.0670000000000000
-0.0650000000000000
-0.0900000000000000
-0.0950000000000000
-0.0890000000000000
-0.0900000000000000
-0.0900000000000000
-0.0900000000000000
-0.0900000000000000
-0.0900000000000000
-0.0900000000000000
-0.0900000000000000
-0.0900000000000000
-0.0910000000000000
-0.0880000000000000
-0.0850000000000000
-0.0850000000000000
-0.0850000000000000
-0.0850000000000000
-0.0850000000000000
-0.0850000000000000
-0.0850000000000000
-0.0850000000000000
-0.0850000000000000
-0.0860000000000000
-0.0830000000000000
-0.0700000000000000
-0.0620000000000000
-0.0550000000000000
-0.0440000000000000
-0.0320000000000000
-0.0250000000000000
-0.0210000000000000
0.0240000000000000
0.0820000000000000
0.1440000000000000
0.2550000000000000
0.4080000000000000
0.4680000000000000
0.5080000000000000
0.5920000000000000
0.6850000000000001
0.7890000000000000
0.8490000000000000
0.8830000000000000
0.9360000000000001
0.9950000000000000
0.9630000000000000
0.6990000000000000
0.3870000000000000
0.1280000000000000
-0.1450000000000000
-0.3680000000000000
-0.5790000000000000
-0.7510000000000000
-0.7850000000000000
-0.6700000000000000
-0.5649999999999999
-0.4970000000000000
-0.4260000000000000
-0.3560000000000000
-0.3150000000000000
-0.2740000000000000
-0.2410000000000000
-0.2080000000000000
-0.1800000000000000
-0.1700000000000000
-0.1620000000000000
-0.1540000000000000
-0.1460000000000000
-0.1380000000000000
-0.1300000000000000
-0.1220000000000000
-0.1170000000000000
-0.1130000000000000
-0.1090000000000000
-0.1050000000000000
-0.1010000000000000
-0.1300000000000000
-0.1470000000000000
-0.1390000000000000
-0.1400000000000000
-0.1360000000000000
-0.1350000000000000
-0.1330000000000000
-0.1300000000000000
-0.1300000000000000
-0.1260000000000000
-0.1220000000000000
-0.1180000000000000
-0.1140000000000000
-0.1100000000000000
-0.1060000000000000
-0.1020000000000000
-0.0970000000000000
-0.1050000000000000
-0.1300000000000000
-0.1270000000000000
-0.1240000000000000
-0.1230000000000000
-0.1200000000000000
-0.1200000000000000
-0.1160000000000000
-0.1150000000000000
-0.1130000000000000
-0.1100000000000000
-0.1100000000000000
-0.1060000000000000
-0.1050000000000000
-0.1040000000000000
-0.0990000000000000
-0.0950000000000000
-0.0910000000000000
-0.0870000000000000
-0.0830000000000000
-0.0790000000000000
-0.0750000000000000
-0.0710000000000000
-0.0700000000000000
-0.0680000000000000
-0.0640000000000000
-0.0650000000000000
-0.0660000000000000
-0.0620000000000000
-0.0600000000000000
-0.0590000000000000
-0.0550000000000000
-0.0550000000000000
-0.0560000000000000
-0.0530000000000000
-0.0490000000000000
-0.0450000000000000
-0.0410000000000000
-0.0370000000000000
-0.0330000000000000
-0.0300000000000000
-0.0300000000000000
-0.0260000000000000
-0.0240000000000000
-0.0260000000000000
-0.0240000000000000
-0.0200000000000000
-0.0190000000000000
-0.0210000000000000
-0.0150000000000000
-0.0020000000000000
0.0050000000000000
0.0130000000000000
0.0210000000000000
0.0290000000000000
0.0360000000000000
0.0450000000000000
0.0700000000000000
0.0770000000000000
0.0740000000000000
0.0750000000000000
0.0750000000000000
0.0760000000000000
0.0690000000000000
0.0960000000000000
0.1360000000000000
0.1350000000000000
0.1350000000000000
0.1350000000000000
0.1370000000000000
0.1410000000000000
0.1400000000000000
0.1400000000000000
0.1430000000000000
0.1450000000000000
0.1450000000000000
0.1450000000000000
0.1450000000000000
0.1480000000000000
0.1510000000000000
0.1500000000000000
0.1500000000000000
0.1500000000000000
0.1530000000000000
0.1550000000000000
0.1560000000000000
0.1600000000000000
0.1610000000000000
0.1570000000000000
0.1550000000000000
0.1540000000000000
0.1500000000000000
0.1510000000000000
0.1440000000000000
0.1720000000000000
0.2080000000000000
0.1900000000000000
0.1810000000000000
0.1750000000000000
0.1640000000000000
0.1530000000000000
0.1450000000000000
0.1370000000000000
0.1290000000000000
0.1210000000000000
0.1130000000000000
0.1050000000000000
0.0970000000000000
0.0890000000000000
0.0810000000000000
0.0740000000000000
0.0700000000000000
0.0660000000000000
0.0620000000000000
0.0580000000000000
0.0540000000000000
0.0500000000000000
0.0460000000000000
0.0390000000000000
0.0320000000000000
0.0290000000000000
0.0250000000000000
0.0210000000000000
0.0170000000000000
0.0140000000000000
0.0070000000000000
-0.0050000000000000
-0.0130000000000000
-0.0240000000000000
-0.0350000000000000
-0.0410000000000000
-0.0400000000000000
-0.0400000000000000
-0.0400000000000000
-0.0400000000000000
-0.0400000000000000
-0.0400000000000000
-0.0400000000000000
-0.0400000000000000
-0.0400000000000000
-0.0400000000000000
-0.0400000000000000
-0.0400000000000000
-0.0430000000000000
-0.0470000000000000
-0.0510000000000000
-0.0550000000000000
-0.0560000000000000
-0.0520000000000000
-0.0490000000000000
-0.0500000000000000
-0.0500000000000000
-0.0460000000000000
-0.0440000000000000
-0.0460000000000000
-0.0440000000000000
-0.0400000000000000
-0.0400000000000000
-0.0410000000000000
-0.0380000000000000
-0.0350000000000000
-0.0350000000000000
-0.0350000000000000
-0.0320000000000000
-0.0290000000000000
-0.0300000000000000
-0.0300000000000000
-0.0260000000000000
-0.0240000000000000
-0.0260000000000000
-0.0240000000000000
-0.0200000000000000
-0.0200000000000000
-0.0200000000000000
-0.0200000000000000
-0.0190000000000000
-0.0150000000000000
-0.0150000000000000
-0.0150000000000000
-0.0150000000000000
-0.0150000000000000
-0.0150000000000000
-0.0150000000000000
-0.0150000000000000
-0.0150000000000000
-0.0150000000000000
-0.0150000000000000
-0.0150000000000000
-0.0150000000000000
-0.0150000000000000
-0.0150000000000000
-0.0150000000000000
-0.0150000000000000
-0.0150000000000000
-0.0150000000000000
-0.0150000000000000
-0.0150000000000000
-0.0130000000000000
-0.0310000000000000
-0.0390000000000000
-0.0280000000000000
-0.0250000000000000
-0.0210000000000000
-0.0170000000000000
-0.0130000000000000
-0.0090000000000000
-0.0050000000000000
-0.0090000000000000
-0.0110000000000000
-0.0090000000000000
-0.0110000000000000
-0.0150000000000000
-0.0150000000000000
-0.0150000000000000
-0.0130000000000000
-0.0100000000000000
-0.0100000000000000
-0.0060000000000000
-0.0050000000000000
-0.0030000000000000
0.0010000000000000
0.0000000000000000
-0.0040000000000000
-0.0050000000000000
-0.0070000000000000
-0.0100000000000000
-0.0100000000000000
-0.0140000000000000
-0.0160000000000000
-0.0130000000000000
-0.0100000000000000
-0.0100000000000000
-0.0100000000000000
-0.0070000000000000
-0.0040000000000000
-0.0050000000000000
-0.0050000000000000
-0.0010000000000000
0.0000000000000000
0.0010000000000000
-0.0020000000000000
0.0000000000000000
0.0460000000000000
0.0570000000000000
0.0460000000000000
0.0450000000000000
0.0450000000000000
0.0410000000000000
0.0400000000000000
0.0390000000000000
0.0340000000000000
0.0300000000000000
0.0300000000000000
0.0270000000000000
0.0250000000000000
0.0240000000000000
0.0150000000000000
0.0110000000000000
0.0080000000000000
0.0010000000000000
-0.0060000000000000
-0.0100000000000000
-0.0140000000000000
-0.0180000000000000
-0.0220000000000000
-0.0260000000000000
-0.0300000000000000
-0.0350000000000000
-0.0320000000000000
-0.0300000000000000
-0.0290000000000000
-0.0250000000000000
-0.0250000000000000
-0.0220000000000000
-0.0190000000000000
-0.0210000000000000
-0.0250000000000000
-0.0290000000000000
-0.0330000000000000
-0.0530000000000000
-0.0720000000000000
-0.0650000000000000
-0.0650000000000000
-0.0650000000000000
-0.0650000000000000
-0.0640000000000000
-0.0600000000000000
-0.0600000000000000
-0.0600000000000000
-0.0600000000000000
-0.0590000000000000
-0.0550000000000000
-0.0550000000000000
-0.0550000000000000
-0.0550000000000000
-0.0550000000000000
-0.0550000000000000
-0.0510000000000000
-0.0500000000000000
-0.0500000000000000
-0.0500000000000000
-0.0500000000000000
-0.0460000000000000
-0.0450000000000000
-0.0450000000000000
-0.0450000000000000
-0.0450000000000000
-0.0430000000000000
-0.0620000000000000
-0.0670000000000000
-0.0520000000000000
-0.0450000000000000
-0.0320000000000000
-0.0270000000000000
-0.0040000000000000
0.0410000000000000
0.0800000000000000
0.1310000000000000
0.2240000000000000
0.3180000000000000
0.3940000000000000
0.4700000000000000
0.5270000000000000
0.5830000000000000
0.6680000000000000
0.7690000000000000
0.8450000000000000
0.8980000000000000
0.9450000000000000
0.9930000000000000
0.9250000000000000
0.6650000000000000
0.3960000000000000
0.0950000000000000
-0.1690000000000000
-0.3610000000000000
-0.5550000000000000
-0.7490000000000000
-0.7360000000000000
-0.6220000000000000
-0.5410000000000000
-0.4700000000000000
-0.4010000000000000
-0.3430000000000000
-0.2860000000000000
-0.2430000000000000
-0.2300000000000000
-0.2160000000000000
-0.1870000000000000
-0.1530000000000000
-0.1320000000000000
-0.1300000000000000
-0.1300000000000000
-0.1300000000000000
-0.1280000000000000
-0.1240000000000000
-0.1250000000000000
-0.1260000000000000
-0.1200000000000000
-0.1100000000000000
-0.1040000000000000
-0.1000000000000000
-0.0920000000000000
-0.0840000000000000
-0.0770000000000000
-0.0760000000000000
-0.0800000000000000
-0.0800000000000000
-0.0790000000000000
-0.0820000000000000
-0.0850000000000000
-0.0850000000000000
-0.0870000000000000
-0.0750000000000000
-0.0860000000000000
-0.1070000000000000
-0.1000000000000000
-0.1000000000000000
-0.0970000000000000
-0.0950000000000000
-0.0940000000000000
-0.0900000000000000
-0.0900000000000000
-0.0870000000000000
-0.0850000000000000
-0.0840000000000000
-0.0800000000000000
-0.0800000000000000
-0.0770000000000000
-0.0750000000000000
-0.0740000000000000
-0.0700000000000000
-0.0700000000000000
-0.0670000000000000
-0.0650000000000000
-0.0640000000000000
-0.0600000000000000
-0.0600000000000000
-0.0570000000000000
-0.0550000000000000
-0.0540000000000000
-0.0500000000000000
-0.0500000000000000
-0.0470000000000000
-0.0450000000000000
-0.0440000000000000
-0.0400000000000000
-0.0380000000000000
-0.0500000000000000
-0.0530000000000000
-0.0430000000000000
-0.0400000000000000
-0.0370000000000000
-0.0290000000000000
-0.0220000000000000
-0.0190000000000000
-0.0150000000000000
-0.0110000000000000
-0.0070000000000000
-0.0030000000000000
0.0010000000000000
0.0050000000000000
0.0100000000000000
0.0100000000000000
0.0260000000000000
0.0480000000000000
0.0500000000000000
0.0500000000000000
0.0500000000000000
0.0500000000000000
0.0500000000000000
0.0500000000000000
0.0510000000000000
0.0470000000000000
0.0610000000000000
0.0830000000000000
0.0850000000000000
0.0850000000000000
0.0850000000000000
0.0870000000000000
0.0910000000000000
0.0900000000000000
0.0870000000000000
0.1120000000000000
0.1270000000000000
0.1090000000000000
0.1050000000000000
0.1510000000000000
0.1620000000000000
0.1530000000000000
0.1550000000000000
0.1550000000000000
0.1550000000000000
0.1560000000000000
0.1520000000000000
0.1600000000000000
0.1850000000000000
0.1820000000000000
0.1790000000000000
0.1800000000000000
0.1800000000000000
0.1800000000000000
0.1800000000000000
0.1800000000000000
0.1800000000000000
0.1800000000000000
0.1800000000000000
0.1800000000000000
0.1770000000000000
0.1740000000000000
0.1750000000000000
0.1750000000000000
0.1750000000000000
0.1750000000000000
0.1750000000000000
0.1750000000000000
0.1750000000000000
0.1750000000000000
0.1760000000000000
0.1720000000000000
0.1630000000000000
0.1550000000000000
0.1510000000000000
0.1450000000000000
0.1350000000000000
0.1290000000000000
0.1250000000000000
0.1170000000000000
0.1090000000000000
0.1010000000000000
0.0930000000000000
0.0850000000000000
0.0770000000000000
0.0690000000000000
0.0630000000000000
0.0590000000000000
0.0550000000000000
0.0510000000000000
0.0470000000000000
0.0420000000000000
0.0400000000000000
0.0400000000000000
0.0320000000000000
0.0240000000000000
0.0160000000000000
0.0080000000000000
0.0000000000000000
-0.0080000000000000
-0.0150000000000000
-0.0100000000000000
0.0020000000000000
0.0100000000000000
0.0320000000000000
0.0320000000000000
0.0200000000000000
0.0130000000000000
0.0050000000000000
-0.0030000000000000
-0.0110000000000000
-0.0180000000000000
-0.0190000000000000
-0.0150000000000000
-0.0150000000000000
-0.0160000000000000
-0.0130000000000000
-0.0190000000000000
-0.0400000000000000
-0.0370000000000000
-0.0340000000000000
-0.0350000000000000
-0.0350000000000000
-0.0350000000000000
-0.0310000000000000
-0.0300000000000000
-0.0300000000000000
-0.0300000000000000
-0.0300000000000000
-0.0260000000000000
-0.0250000000000000
-0.0250000000000000
-0.0250000000000000
-0.0250000000000000
-0.0250000000000000
-0.0220000000000000
-0.0190000000000000
-0.0200000000000000
-0.0200000000000000
-0.0200000000000000
-0.0170000000000000
-0.0140000000000000
-0.0150000000000000
-0.0150000000000000
-0.0150000000000000
-0.0160000000000000
-0.0100000000000000
0.0030000000000000
0.0100000000000000
0.0180000000000000
0.0260000000000000
0.0340000000000000
0.0430000000000000
0.0500000000000000
0.0460000000000000
0.0420000000000000
0.0380000000000000
0.0340000000000000
0.0300000000000000
0.0260000000000000
0.0220000000000000
0.0180000000000000
0.0150000000000000
0.0150000000000000
0.0150000000000000
0.0120000000000000
0.0090000000000000
0.0100000000000000
0.0100000000000000
0.0060000000000000
0.0050000000000000
0.0050000000000000
0.0050000000000000
0.0050000000000000
0.0130000000000000
0.0190000000000000
0.0220000000000000
0.0260000000000000
0.0300000000000000
0.0260000000000000
0.0210000000000000
0.0200000000000000
0.0190000000000000
0.0150000000000000
0.0150000000000000
0.0120000000000000
0.0100000000000000
0.0100000000000000
0.0050000000000000
0.0000000000000000
0.0000000000000000
-0.0020000000000000
-0.0050000000000000
-0.0050000000000000
-0.0090000000000000
-0.0110000000000000
-0.0080000000000000
-0.0040000000000000
0.0000000000000000
0.0040000000000000
0.0080000000000000
0.0120000000000000
0.0160000000000000
0.0200000000000000
0.0160000000000000
0.0110000000000000
0.0100000000000000
0.0090000000000000
0.0050000000000000
0.0010000000000000
0.0000000000000000
-0.0010000000000000
-0.0060000000000000
-0.0100000000000000
-0.0140000000000000
-0.0180000000000000
-0.0220000000000000
-0.0260000000000000
-0.0250000000000000
-0.0210000000000000
-0.0200000000000000
-0.0180000000000000
-0.0150000000000000
-0.0150000000000000
-0.0110000000000000
-0.0090000000000000
-0.0110000000000000
-0.0090000000000000
-0.0050000000000000
-0.0050000000000000
-0.0020000000000000
0.0000000000000000
0.0010000000000000
0.0050000000000000
0.0050000000000000
0.0070000000000000
-0.0030000000000000
-0.0260000000000000
-0.0400000000000000
-0.0360000000000000
-0.0340000000000000
-0.0350000000000000
-0.0350000000000000
-0.0350000000000000
-0.0310000000000000
-0.0300000000000000
-0.0300000000000000
-0.0300000000000000
-0.0300000000000000
-0.0260000000000000
-0.0250000000000000
-0.0250000000000000
-0.0250000000000000
-0.0250000000000000
-0.0250000000000000
-0.0220000000000000
-0.0190000000000000
-0.0200000000000000
-0.0200000000000000
-0.0200000000000000
-0.0170000000000000
-0.0140000000000000
-0.0150000000000000
-0.0150000000000000
-0.0150000000000000
-0.0160000000000000
-0.0120000000000000
-0.0030000000000000
0.0000000000000000
0.0040000000000000
0.0090000000000000
0.0070000000000000
-0.0020000000000000
-0.0100000000000000
-0.0140000000000000
-0.0210000000000000
-0.0290000000000000
-0.0370000000000000
-0.0400000000000000
-0.0330000000000000
-0.0230000000000000
-0.0180000000000000
-0.0130000000000000
-0.0050000000000000
0.0030000000000000
0.0090000000000000
0.0080000000000000
0.0050000000000000
0.0050000000000000
0.0010000000000000
-0.0010000000000000
0.0010000000000000
-0.0010000000000000
-0.0050000000000000
-0.0050000000000000
-0.0040000000000000
-0.0070000000000000
-0.0100000000000000
-0.0100000000000000
-0.0090000000000000
-0.0130000000000000
-0.0150000000000000
-0.0150000000000000
-0.0150000000000000
-0.0070000000000000
-0.0020000000000000
0.0040000000000000
0.0120000000000000
0.0150000000000000
0.0110000000000000
0.0060000000000000
0.0050000000000000
0.0040000000000000
0.0000000000000000
-0.0040000000000000
-0.0060000000000000
-0.0030000000000000
0.0000000000000000
0.0000000000000000
-0.0010000000000000
0.0030000000000000
0.0050000000000000
0.0050000000000000
0.0050000000000000
-0.0030000000000000
-0.0090000000000000
-0.0110000000000000
-0.0170000000000000
-0.0250000000000000
-0.0290000000000000
-0.0340000000000000
-0.0330000000000000
-0.0300000000000000
-0.0300000000000000
-0.0260000000000000
-0.0240000000000000
-0.0260000000000000
-0.0240000000000000
-0.0200000000000000
-0.0200000000000000
-0.0170000000000000
-0.0140000000000000
-0.0150000000000000
-0.0150000000000000
-0.0110000000000000
-0.0100000000000000
-0.0080000000000000
-0.0040000000000000
-0.0050000000000000
-0.0060000000000000
-0.0020000000000000
0.0000000000000000
0.0000000000000000
0.0000000000000000
-0.0080000000000000
-0.0160000000000000
-0.0240000000000000
-0.0330000000000000
-0.0400000000000000
-0.0360000000000000
-0.0350000000000000
-0.0330000000000000
-0.0300000000000000
-0.0300000000000000
-0.0260000000000000
-0.0250000000000000
-0.0230000000000000
-0.0200000000000000
-0.0200000000000000
-0.0160000000000000
-0.0150000000000000
-0.0120000000000000
-0.0030000000000000
0.0050000000000000
0.0140000000000000
0.0160000000000000
0.0300000000000000
0.0470000000000000
0.0450000000000000
0.0450000000000000
0.0450000000000000
0.0450000000000000
0.0450000000000000
0.0450000000000000
0.0440000000000000
0.0510000000000000
0.0580000000000000
0.0600000000000000
0.0550000000000000
0.0510000000000000
0.0500000000000000
0.0490000000000000
0.0440000000000000
0.0400000000000000
0.0400000000000000
0.0380000000000000
0.0320000000000000
0.0300000000000000
0.0300000000000000
0.0260000000000000
0.0210000000000000
0.0220000000000000
0.0150000000000000
0.0000000000000000
0.0330000000000000
0.0390000000000000
0.0240000000000000
0.0190000000000000
0.0150000000000000
0.0070000000000000
-0.0020000000000000
-0.0070000000000000
-0.0120000000000000
-0.0250000000000000
-0.0360000000000000
-0.0540000000000000
-0.0600000000000000
-0.0530000000000000
-0.0550000000000000
-0.0720000000000000
-0.0710000000000000
-0.0600000000000000
-0.0530000000000000
-0.0450000000000000
-0.0370000000000000
-0.0290000000000000
-0.0230000000000000
-0.0190000000000000
-0.0150000000000000
-0.0150000000000000
-0.0160000000000000
-0.0130000000000000
-0.0100000000000000
-0.0100000000000000
-0.0090000000000000
-0.0160000000000000
-0.0220000000000000
-0.0270000000000000
-0.0350000000000000
-0.0370000000000000
-0.0570000000000000
-0.0630000000000000
-0.0470000000000000
-0.0400000000000000
-0.0320000000000000
-0.0240000000000000
-0.0160000000000000
-0.0090000000000000
0.0000000000000000
0.0280000000000000
0.0520000000000000
0.1030000000000000
0.1950000000000000
0.2800000000000000
0.3320000000000000
0.4270000000000000
0.5040000000000000
0.5490000000000000
0.6250000000000000
0.7170000000000000
0.8370000000000000
0.9260000000000000
0.9790000000000000
1.0549999999999999
1.1279999999999999
1.0000000000000000
0.7280000000000000
0.4470000000000000
0.1800000000000000
-0.1020000000000000
-0.3220000000000000
-0.5430000000000000
-0.7150000000000000
-0.7150000000000000
-0.6500000000000000
-0.5310000000000000
-0.4390000000000000
-0.3920000000000000
-0.3350000000000000
-0.2940000000000000
-0.2580000000000000
-0.2240000000000000
-0.1910000000000000
-0.1600000000000000
-0.1510000000000000
-0.1450000000000000
-0.1360000000000000
-0.1280000000000000
-0.1200000000000000
-0.1120000000000000
-0.1020000000000000
-0.1020000000000000
-0.1120000000000000
-0.1150000000000000
-0.1110000000000000
-0.1100000000000000
-0.1080000000000000
-0.1050000000000000
-0.1050000000000000
-0.1010000000000000
-0.0990000000000000
-0.1010000000000000
-0.0990000000000000
-0.0950000000000000
-0.0950000000000000
-0.0920000000000000
-0.0900000000000000
-0.0890000000000000
-0.0850000000000000
-0.0850000000000000
-0.0860000000000000
-0.0830000000000000
-0.0800000000000000
-0.0800000000000000
-0.0760000000000000
-0.0740000000000000
-0.0760000000000000
-0.0740000000000000
-0.0700000000000000
-0.0700000000000000
-0.0670000000000000
-0.0640000000000000
-0.0650000000000000
-0.0650000000000000
-0.0610000000000000
-0.0590000000000000
-0.0610000000000000
-0.0590000000000000
-0.0550000000000000
-0.0550000000000000
-0.0560000000000000
-0.0530000000000000
-0.0490000000000000
-0.0500000000000000
-0.0510000000000000
-0.0450000000000000
-0.0660000000000000
-0.0910000000000000
-0.0750000000000000
-0.0660000000000000
-0.0590000000000000
-0.0510000000000000
-0.0430000000000000
-0.0350000000000000
-0.0270000000000000
-0.0220000000000000
-0.0180000000000000
-0.0230000000000000
-0.0350000000000000
-0.0280000000000000
-0.0210000000000000
-0.0180000000000000
-0.0140000000000000
-0.0100000000000000
-0.0060000000000000
-0.0020000000000000
0.0020000000000000
0.0050000000000000
0.0050000000000000
0.0050000000000000
0.0060000000000000
0.0020000000000000
-0.0080000000000000
-0.0150000000000000
0.0000000000000000
0.0150000000000000
0.0250000000000000
0.0390000000000000
0.0500000000000000
0.0430000000000000
0.0680000000000000
0.0920000000000000
0.0890000000000000
0.0900000000000000
0.0940000000000000
0.0950000000000000
0.0970000000000000
0.1000000000000000
0.1000000000000000
0.1010000000000000
0.0970000000000000
0.1100000000000000
0.1270000000000000
0.1250000000000000
0.1250000000000000
0.1260000000000000
0.1230000000000000
0.1290000000000000
0.1500000000000000
0.1510000000000000
0.1490000000000000
0.1500000000000000
0.1500000000000000
0.1500000000000000
0.1610000000000000
0.1760000000000000
0.1790000000000000
0.1750000000000000
0.1750000000000000
0.1710000000000000
0.1690000000000000
0.1710000000000000
0.1690000000000000
0.1650000000000000
0.1650000000000000
0.1620000000000000
0.1590000000000000
0.1600000000000000
0.1600000000000000
0.1560000000000000
0.1550000000000000
0.1530000000000000
0.1490000000000000
0.1500000000000000
0.1510000000000000
0.1470000000000000
0.1450000000000000
0.1440000000000000
0.1450000000000000
0.1680000000000000
0.1540000000000000
0.1190000000000000
0.1030000000000000
0.1000000000000000
0.0960000000000000
0.0920000000000000
0.0880000000000000
0.0840000000000000
0.0800000000000000
0.0760000000000000
0.1100000000000000
0.1240000000000000
0.0990000000000000
0.0850000000000000
0.0770000000000000
0.0690000000000000
0.0610000000000000
0.0530000000000000
0.0450000000000000
0.0370000000000000
0.0270000000000000
0.0270000000000000
0.0300000000000000
0.0350000000000000
0.0650000000000000
0.0650000000000000
0.0470000000000000
0.0380000000000000
0.0300000000000000
0.0180000000000000
0.0060000000000000
-0.0050000000000000
-0.0110000000000000
-0.0150000000000000
-0.0190000000000000
-0.0230000000000000
-0.0280000000000000
-0.0290000000000000
-0.0250000000000000
-0.0250000000000000
-0.0220000000000000
-0.0200000000000000
-0.0190000000000000
-0.0150000000000000
-0.0150000000000000
-0.0120000000000000
-0.0100000000000000
-0.0100000000000000
-0.0050000000000000
-0.0030000000000000
-0.0180000000000000
-0.0240000000000000
0.0050000000000000
0.0150000000000000
-0.0820000000000000
-0.1020000000000000
-0.0750000000000000
-0.0680000000000000
-0.0550000000000000
-0.0460000000000000
-0.0410000000000000
-0.0400000000000000
-0.0400000000000000
-0.0400000000000000
-0.0360000000000000
-0.0350000000000000
-0.0350000000000000
-0.0360000000000000
-0.0400000000000000
-0.0400000000000000
-0.0400000000000000
-0.0400000000000000
-0.0400000000000000
-0.0400000000000000
-0.0400000000000000
-0.0370000000000000
-0.0340000000000000
-0.0350000000000000
-0.0350000000000000
-0.0310000000000000
-0.0290000000000000
-0.0320000000000000
-0.0270000000000000
-0.0100000000000000
0.0020000000000000
0.0130000000000000
0.0280000000000000
0.0350000000000000
0.0300000000000000
0.0300000000000000
0.0270000000000000
0.0250000000000000
0.0250000000000000
0.0200000000000000
0.0180000000000000
0.0320000000000000
0.0430000000000000
0.0460000000000000
0.0500000000000000
0.0480000000000000
0.0630000000000000
0.0690000000000000
0.0580000000000000
0.0550000000000000
0.0510000000000000
0.0470000000000000
0.0430000000000000
0.0400000000000000
0.0350000000000000
0.0260000000000000
0.0610000000000000
0.0670000000000000
0.0180000000000000
-0.0150000000000000
-0.0200000000000000
-0.0220000000000000
-0.0100000000000000
0.0240000000000000
0.0500000000000000
0.0470000000000000
0.0410000000000000
0.0380000000000000
0.0350000000000000
0.0350000000000000
0.0310000000000000
0.0260000000000000
0.0250000000000000
0.0240000000000000
0.0200000000000000
0.0170000000000000
0.0080000000000000
0.0370000000000000
0.0640000000000000
0.0250000000000000
-0.0070000000000000
-0.0090000000000000
-0.0040000000000000
-0.0060000000000000
-0.0050000000000000
-0.0020000000000000
-0.0250000000000000
-0.0350000000000000
-0.0230000000000000
-0.0200000000000000
-0.0110000000000000
-0.0130000000000000
0.0200000000000000
0.0570000000000000
0.0350000000000000
0.0220000000000000
0.0120000000000000
-0.0010000000000000
-0.0130000000000000
-0.0250000000000000
-0.0380000000000000
-0.0380000000000000
-0.0330000000000000
-0.0290000000000000
-0.0250000000000000
-0.0210000000000000
-0.0170000000000000
-0.0130000000000000
-0.0080000000000000
0.0000000000000000
0.0040000000000000
0.0070000000000000
0.0140000000000000
0.0120000000000000
-0.0100000000000000
-0.0280000000000000
-0.0280000000000000
-0.0250000000000000
-0.0240000000000000
-0.0200000000000000
-0.0200000000000000
-0.0170000000000000
-0.0150000000000000
-0.0140000000000000
-0.0100000000000000
-0.0100000000000000
-0.0070000000000000
-0.0050000000000000
-0.0030000000000000
0.0100000000000000
0.0230000000000000
0.0290000000000000
0.0600000000000000
0.0320000000000000
-0.0850000000000000
-0.0640000000000000
-0.0270000000000000
-0.0140000000000000
-0.0030000000000000
0.0050000000000000
0.0170000000000000
0.0260000000000000
0.0350000000000000
0.0480000000000000
0.0550000000000000
0.0430000000000000
0.0330000000000000
0.0270000000000000
0.0170000000000000
0.0050000000000000
-0.0030000000000000
-0.0110000000000000
-0.0170000000000000
-0.0210000000000000
-0.0250000000000000
-0.0290000000000000
-0.0340000000000000
-0.0320000000000000
-0.0240000000000000
-0.0200000000000000
-0.0120000000000000
-0.0040000000000000
-0.0120000000000000
-0.0360000000000000
-0.0550000000000000
-0.0520000000000000
-0.0460000000000000
-0.0450000000000000
-0.0440000000000000
-0.0400000000000000
-0.0360000000000000
-0.0350000000000000
-0.0340000000000000
-0.0290000000000000
-0.0250000000000000
-0.0210000000000000
-0.0170000000000000
-0.0130000000000000
-0.0090000000000000
-0.0050000000000000
0.0100000000000000
0.0270000000000000
0.0260000000000000
0.0120000000000000
0.0050000000000000
-0.0040000000000000
-0.0290000000000000
0.0210000000000000
0.0810000000000000
0.0200000000000000
-0.0300000000000000
-0.0350000000000000
-0.0270000000000000
-0.0240000000000000
-0.0200000000000000
-0.0200000000000000
-0.0180000000000000
-0.0120000000000000
-0.0100000000000000
-0.0100000000000000
-0.0060000000000000
-0.0020000000000000
0.0010000000000000
-0.0010000000000000
-0.0100000000000000
-0.0160000000000000
-0.0070000000000000
0.0060000000000000
0.0180000000000000
0.0300000000000000
0.0360000000000000
0.0630000000000000
0.0770000000000000
0.0690000000000000
0.0700000000000000
0.0710000000000000
0.0670000000000000
0.0650000000000000
0.0650000000000000
0.0650000000000000
0.0680000000000000
0.0750000000000000
0.0710000000000000
0.0750000000000000
0.1000000000000000
0.0940000000000000
0.0840000000000000
0.0740000000000000
0.0620000000000000
0.0550000000000000
0.0470000000000000
0.0390000000000000
0.0320000000000000
0.0210000000000000
0.0150000000000000
0.0490000000000000
0.0500000000000000
0.0340000000000000
0.0290000000000000
0.0200000000000000
0.0080000000000000
-0.0010000000000000
-0.0100000000000000
-0.0150000000000000
-0.0100000000000000
-0.0100000000000000
-0.0110000000000000
-0.0080000000000000
-0.0050000000000000
-0.0050000000000000
-0.0050000000000000
-0.0020000000000000
0.0010000000000000
0.0000000000000000
0.0000000000000000
0.0010000000000000
-0.0080000000000000
-0.0210000000000000
-0.0330000000000000
-0.0450000000000000
-0.0580000000000000
-0.0610000000000000
-0.0600000000000000
-0.0600000000000000
-0.0600000000000000
-0.0600000000000000
-0.0600000000000000
-0.0600000000000000
-0.0600000000000000
-0.0600000000000000
-0.0600000000000000
-0.0600000000000000
-0.0610000000000000
-0.0580000000000000
-0.0450000000000000
-0.0370000000000000
-0.0300000000000000
-0.0190000000000000
-0.0080000000000000
0.0000000000000000
0.0090000000000000
0.0090000000000000
0.0010000000000000
0.0020000000000000
0.0100000000000000
0.0100000000000000
0.0530000000000000
0.1290000000000000
0.2110000000000000
0.3100000000000000
0.4340000000000000
0.5170000000000000
0.6070000000000000
0.7300000000000000
0.8500000000000000
0.9860000000000000
1.1170000000000000
1.2609999999999999
1.3990000000000000
1.4700000000000000
1.4500000000000000
1.2549999999999999
0.9419999999999999
0.6070000000000000
0.2850000000000000
-0.0250000000000000
-0.3220000000000000
-0.5990000000000000
-0.7330000000000000
-0.6600000000000000
-0.5880000000000000
-0.4720000000000000
-0.3830000000000000
-0.3520000000000000
-0.3100000000000000
-0.2590000000000000
-0.2050000000000000
-0.1750000000000000
-0.1680000000000000
-0.1550000000000000
-0.1430000000000000
-0.1340000000000000
-0.1260000000000000
-0.1180000000000000
-0.1100000000000000
-0.1020000000000000
-0.0940000000000000
-0.0860000000000000
-0.0780000000000000
-0.0700000000000000
-0.0630000000000000
-0.0520000000000000
-0.0710000000000000
-0.0970000000000000
-0.0850000000000000
-0.0760000000000000
-0.0710000000000000
-0.0570000000000000
-0.0600000000000000
-0.0950000000000000
-0.1140000000000000
-0.1130000000000000
-0.1100000000000000
-0.1090000000000000
-0.1050000000000000
-0.1050000000000000
-0.1060000000000000
-0.1030000000000000
-0.1000000000000000
-0.1000000000000000
-0.0960000000000000
-0.0940000000000000
-0.0960000000000000
-0.0940000000000000
-0.0900000000000000
-0.0900000000000000
-0.0900000000000000
-0.0900000000000000
-0.0900000000000000
-0.0900000000000000
-0.0900000000000000
-0.0900000000000000
-0.0900000000000000
-0.0900000000000000
-0.0900000000000000
-0.0900000000000000
-0.0900000000000000
-0.0900000000000000
-0.0900000000000000
-0.0900000000000000
-0.0900000000000000
-0.0870000000000000
-0.0830000000000000
-0.0790000000000000
-0.0750000000000000
-0.0710000000000000
-0.0670000000000000
-0.0630000000000000
-0.0580000000000000
-0.0500000000000000
-0.0460000000000000
-0.0390000000000000
-0.0320000000000000
-0.0290000000000000
-0.0200000000000000
-0.0080000000000000
-0.0650000000000000
-0.0990000000000000
-0.0750000000000000
-0.0650000000000000
-0.0530000000000000
-0.0400000000000000
-0.0310000000000000
-0.0230000000000000
-0.0150000000000000
-0.0110000000000000
-0.0040000000000000
0.0040000000000000
0.0120000000000000
0.0150000000000000
0.0040000000000000
-0.0090000000000000
-0.0040000000000000
0.0140000000000000
0.0250000000000000
0.0370000000000000
0.0490000000000000
0.0600000000000000
0.0660000000000000
0.0700000000000000
0.0760000000000000
0.0970000000000000
0.1060000000000000
0.0990000000000000
0.1000000000000000
0.1010000000000000
0.0970000000000000
0.0950000000000000
0.0950000000000000
0.0950000000000000
0.0990000000000000
0.1020000000000000
0.0950000000000000
0.1090000000000000
0.1600000000000000
0.1880000000000000
0.1880000000000000
0.1840000000000000
0.1850000000000000
0.1850000000000000
0.1810000000000000
0.1790000000000000
0.1800000000000000
0.1790000000000000
0.1750000000000000
0.1710000000000000
0.1700000000000000
0.1690000000000000
0.1640000000000000
0.1600000000000000
0.1600000000000000
0.1570000000000000
0.1530000000000000
0.1490000000000000
0.1450000000000000
0.1410000000000000
0.1380000000000000
0.1290000000000000
0.1450000000000000
0.1950000000000000
0.1920000000000000
0.1930000000000000
0.1720000000000000
0.1160000000000000
0.0750000000000000
0.0650000000000000
0.0970000000000000
0.0920000000000000
0.0820000000000000
0.1250000000000000
0.0860000000000000
0.0320000000000000
0.0190000000000000
0.0250000000000000
0.0300000000000000
0.0640000000000000
0.0700000000000000
0.0630000000000000
0.0660000000000000
0.0650000000000000
0.0610000000000000
0.0590000000000000
0.0610000000000000
0.0580000000000000
0.0500000000000000
0.0460000000000000
0.0420000000000000
0.0380000000000000
0.0350000000000000
0.0300000000000000
0.0210000000000000
0.0570000000000000
0.0560000000000000
-0.0040000000000000
-0.0450000000000000
-0.0630000000000000
-0.0660000000000000
-0.0650000000000000
-0.0650000000000000
-0.0650000000000000
-0.0650000000000000
-0.0650000000000000
-0.0650000000000000
-0.0650000000000000
-0.0650000000000000
-0.0650000000000000
-0.0660000000000000
-0.0630000000000000
-0.0700000000000000
-0.0950000000000000
-0.1000000000000000
-0.1030000000000000
-0.1040000000000000
-0.0990000000000000
-0.0950000000000000
-0.0950000000000000
-0.0930000000000000
-0.0870000000000000
-0.0850000000000000
-0.0850000000000000
-0.0810000000000000
-0.0770000000000000
-0.0730000000000000
-0.0690000000000000
-0.0650000000000000
-0.0600000000000000
-0.0600000000000000
-0.0440000000000000
-0.0470000000000000
-0.0900000000000000
-0.0880000000000000
-0.0830000000000000
-0.0860000000000000
-0.0850000000000000
-0.0850000000000000
-0.0850000000000000
-0.0850000000000000
-0.0850000000000000
-0.0850000000000000
-0.0850000000000000
-0.0840000000000000
-0.0870000000000000
-0.0760000000000000
-0.0480000000000000
-0.0250000000000000
-0.0130000000000000
-0.0020000000000000
-0.0040000000000000
-0.0190000000000000
-0.0300000000000000
-0.0410000000000000
-0.0560000000000000
-0.0410000000000000
0.0090000000000000
0.0400000000000000
-0.0040000000000000
-0.0610000000000000
-0.0740000000000000
-0.0570000000000000
-0.0500000000000000
-0.0420000000000000
-0.0340000000000000
-0.0260000000000000
-0.0180000000000000
-0.0100000000000000
-0.0060000000000000
-0.0040000000000000
-0.0090000000000000
-0.0160000000000000
-0.0200000000000000
-0.0280000000000000
-0.0340000000000000
-0.0340000000000000
-0.0290000000000000
-0.0250000000000000
-0.0200000000000000
-0.0200000000000000
-0.0040000000000000
0.0090000000000000
-0.0100000000000000
-0.0230000000000000
-0.0330000000000000
-0.0470000000000000
-0.0560000000000000
-0.0550000000000000
-0.0550000000000000
-0.0550000000000000
-0.0550000000000000
-0.0550000000000000
-0.0550000000000000
-0.0550000000000000
-0.0550000000000000
-0.0550000000000000
-0.0550000000000000
-0.0550000000000000
-0.0550000000000000
-0.0550000000000000
-0.0550000000000000
-0.0550000000000000
-0.0550000000000000
-0.0550000000000000
-0.0550000000000000
-0.0550000000000000
-0.0550000000000000
-0.0550000000000000
-0.0550000000000000
-0.0550000000000000
-0.0550000000000000
-0.0550000000000000
-0.0550000000000000
-0.0520000000000000
-0.0740000000000000
-0.0860000000000000
-0.0790000000000000
-0.0800000000000000
-0.0800000000000000
-0.0800000000000000
-0.0800000000000000
-0.0800000000000000
-0.0800000000000000
-0.0800000000000000
-0.0800000000000000
-0.0800000000000000
-0.0800000000000000
-0.0800000000000000
-0.0800000000000000
-0.0770000000000000
-0.0740000000000000
-0.0750000000000000
-0.0750000000000000
-0.0750000000000000
-0.0750000000000000
-0.0750000000000000
-0.0750000000000000
-0.0750000000000000
-0.0750000000000000
-0.0750000000000000
-0.0750000000000000
-0.0750000000000000
-0.0750000000000000
-0.0710000000000000
-0.0670000000000000
-0.0630000000000000
-0.0590000000000000
-0.0550000000000000
-0.0510000000000000
-0.0470000000000000
-0.0440000000000000
-0.0370000000000000
-0.0400000000000000
-0.0950000000000000
-0.1070000000000000
-0.0970000000000000
-0.1010000000000000
-0.1000000000000000
-0.0960000000000000
-0.0940000000000000
-0.0960000000000000
-0.0940000000000000
-0.0900000000000000
-0.0900000000000000
-0.0900000000000000
-0.0900000000000000
-0.0910000000000000
-0.0950000000000000
-0.0950000000000000
-0.0950000000000000
-0.0950000000000000
-0.0950000000000000
-0.0950000000000000
-0.0950000000000000
-0.0950000000000000
-0.0950000000000000
-0.0950000000000000
-0.0950000000000000
-0.0950000000000000
-0.0950000000000000
-0.0950000000000000
-0.0950000000000000
-0.0950000000000000
-0.0950000000000000
-0.0920000000000000
-0.0900000000000000
-0.0890000000000000
-0.0850000000000000
-0.0850000000000000
-0.0850000000000000
-0.0850000000000000
-0.0850000000000000
-0.0850000000000000
-0.0850000000000000
-0.0860000000000000
-0.0830000000000000
-0.0800000000000000
-0.0800000000000000
-0.0800000000000000
-0.0800000000000000
-0.0800000000000000
-0.0800000000000000
-0.0800000000000000
-0.0800000000000000
-0.0770000000000000
-0.0740000000000000
-0.0750000000000000
-0.0750000000000000
-0.0750000000000000
-0.0750000000000000
-0.0750000000000000
-0.0750000000000000
-0.0750000000000000
-0.0750000000000000
-0.0780000000000000
-0.0820000000000000
-0.0850000000000000
-0.0850000000000000
-0.0850000000000000
-0.0850000000000000
-0.0850000000000000
-0.0850000000000000
-0.0850000000000000
-0.0860000000000000
-0.0800000000000000
-0.0710000000000000
-0.0630000000000000
-0.0550000000000000
-0.0470000000000000
-0.0380000000000000
-0.0330000000000000
-0.0280000000000000
-0.0200000000000000
-0.0160000000000000
-0.0090000000000000
-0.0030000000000000
0.0010000000000000
0.0100000000000000
0.0160000000000000
0.0050000000000000
-0.0130000000000000
-0.0200000000000000
-0.0150000000000000
-0.0110000000000000
-0.0070000000000000
-0.0030000000000000
0.0010000000000000
0.0050000000000000
0.0100000000000000
0.0050000000000000
-0.0030000000000000
-0.0060000000000000
-0.0100000000000000
-0.0180000000000000
-0.0230000000000000
-0.0280000000000000
-0.0300000000000000
-0.0250000000000000
-0.0210000000000000
-0.0180000000000000
-0.0100000000000000
-0.0150000000000000
-0.0500000000000000
-0.0860000000000000
-0.0890000000000000
-0.0840000000000000
-0.0850000000000000
-0.0850000000000000
-0.0850000000000000
-0.0860000000000000
-0.0830000000000000
-0.0800000000000000
-0.0800000000000000
-0.0800000000000000
-0.0810000000000000
-0.0780000000000000
-0.0840000000000000
-0.1000000000000000
-0.0970000000000000
-0.0940000000000000
-0.0960000000000000
-0.0940000000000000
-0.0900000000000000
-0.0900000000000000
-0.0900000000000000
-0.0900000000000000
-0.0890000000000000
-0.0850000000000000
-0.0850000000000000
-0.0850000000000000
-0.0850000000000000
-0.0840000000000000
-0.0800000000000000
-0.0800000000000000
-0.0810000000000000
-0.0780000000000000
-0.0750000000000000
-0.0750000000000000
-0.0750000000000000
-0.0760000000000000
-0.0730000000000000
-0.0700000000000000
-0.0700000000000000
-0.0690000000000000
-0.0730000000000000
-0.0600000000000000
-0.0350000000000000
-0.0100000000000000
0.0490000000000000
0.1080000000000000
0.1800000000000000
0.2740000000000000
0.3750000000000000
0.4940000000000000
0.5860000000000000
0.7000000000000000
0.8260000000000000
0.9200000000000000
1.0609999999999999
1.2150000000000001
1.3630000000000000
1.4510000000000001
1.4099999999999999
1.2540000000000000
1.0060000000000000
0.6750000000000000
0.3210000000000000
0.0350000000000000
-0.2020000000000000
-0.5400000000000000
-0.7500000000000000
-0.7150000000000000
-0.6250000000000000
-0.5620000000000001
-0.4780000000000000
-0.4060000000000000
-0.3640000000000000
-0.3200000000000000
-0.2870000000000000
-0.2580000000000000
-0.2340000000000000
-0.2160000000000000
-0.2000000000000000
-0.1880000000000000
-0.1760000000000000
-0.1640000000000000
-0.1520000000000000
-0.1400000000000000
-0.1350000000000000
-0.1350000000000000
-0.1330000000000000
-0.1300000000000000
-0.1300000000000000
-0.1260000000000000
-0.1250000000000000
-0.1230000000000000
-0.1200000000000000
-0.1200000000000000
-0.1160000000000000
-0.1150000000000000
-0.1130000000000000
-0.1100000000000000
-0.1100000000000000
-0.1060000000000000
-0.1040000000000000
-0.1070000000000000
-0.1100000000000000
-0.1100000000000000
-0.1100000000000000
-0.1130000000000000
-0.1150000000000000
-0.1150000000000000
-0.1150000000000000
-0.1110000000000000
-0.1070000000000000
-0.1030000000000000
-0.0990000000000000
-0.0950000000000000
-0.0910000000000000
-0.0860000000000000
-0.0860000000000000
-0.0920000000000000
-0.0950000000000000
-0.0870000000000000
-0.0820000000000000
-0.0760000000000000
-0.0690000000000000
-0.0650000000000000
-0.0570000000000000
-0.0510000000000000
-0.0520000000000000
-0.0560000000000000
-0.0550000000000000
-0.0510000000000000
-0.0470000000000000
-0.0580000000000000
-0.0710000000000000
-0.0650000000000000
-0.0610000000000000
-0.0570000000000000
-0.0550000000000000
-0.0540000000000000
-0.0500000000000000
-0.0460000000000000
-0.0450000000000000
-0.0440000000000000
-0.0390000000000000
-0.0350000000000000
-0.0360000000000000
-0.0290000000000000
-0.0230000000000000
-0.0180000000000000
-0.0100000000000000
-0.0060000000000000
0.0010000000000000
0.0070000000000000
0.0110000000000000
0.0150000000000000
0.0120000000000000
0.0380000000000000
0.0490000000000000
0.0310000000000000
0.0250000000000000
0.0290000000000000
0.0660000000000000
0.0920000000000000
0.0890000000000000
0.0900000000000000
0.0900000000000000
0.0900000000000000
0.0910000000000000
0.0890000000000000
0.0900000000000000
0.1070000000000000
0.1070000000000000
0.0930000000000000
0.0930000000000000
0.1200000000000000
0.1490000000000000
0.1690000000000000
0.1780000000000000
0.1800000000000000
0.1800000000000000
0.1800000000000000
0.1800000000000000
0.1800000000000000
0.1800000000000000
0.1800000000000000
0.1930000000000000
0.2240000000000000
0.2350000000000000
0.2230000000000000
0.2200000000000000
0.2180000000000000
0.2040000000000000
0.2350000000000000
0.2790000000000000
0.2650000000000000
0.2560000000000000
0.2490000000000000
0.2410000000000000
0.2330000000000000
0.2250000000000000
0.2210000000000000
0.2170000000000000
0.2150000000000000
0.2140000000000000
0.2100000000000000
0.2100000000000000
0.2070000000000000
0.2050000000000000
0.2040000000000000
0.2000000000000000
0.2000000000000000
0.1970000000000000
0.1950000000000000
0.1940000000000000
0.1900000000000000
0.1860000000000000
0.1820000000000000
0.1780000000000000
0.1740000000000000
0.1700000000000000
0.1670000000000000
0.1560000000000000
0.1450000000000000
0.1380000000000000
0.1300000000000000
0.1220000000000000
0.1140000000000000
0.1060000000000000
0.0990000000000000
0.0950000000000000
0.0910000000000000
0.0870000000000000
0.0830000000000000
0.0800000000000000
0.0800000000000000
0.0760000000000000
0.0720000000000000
0.0680000000000000
0.0640000000000000
0.0600000000000000
0.0610000000000000
0.0540000000000000
0.0470000000000000
0.0440000000000000
0.0400000000000000
0.0320000000000000
0.0270000000000000
0.0210000000000000
0.0230000000000000
0.0400000000000000
0.0370000000000000
0.0340000000000000
0.0350000000000000
0.0350000000000000
0.0350000000000000
0.0350000000000000
0.0350000000000000
0.0350000000000000
0.0340000000000000
0.0300000000000000
0.0300000000000000
0.0300000000000000
0.0300000000000000
0.0300000000000000
0.0300000000000000
0.0300000000000000
0.0310000000000000
0.0280000000000000
0.0250000000000000
0.0250000000000000
0.0250000000000000
0.0250000000000000
0.0250000000000000
0.0250000000000000
0.0250000000000000
0.0250000000000000
0.0260000000000000
0.0230000000000000
0.0290000000000000
0.0500000000000000
0.0510000000000000
0.0490000000000000
0.0500000000000000
0.0500000000000000
0.0500000000000000
0.0500000000000000
0.0500000000000000
0.0500000000000000
0.0500000000000000
0.0500000000000000
0.0520000000000000
0.0710000000000000
0.0810000000000000
0.0730000000000000
0.0700000000000000
0.0700000000000000
0.0670000000000000
0.0630000000000000
0.0590000000000000
0.0600000000000000
0.0770000000000000
0.0830000000000000
0.1080000000000000
0.1380000000000000
0.1300000000000000
0.1290000000000000
0.1310000000000000
0.1280000000000000
0.1250000000000000
0.1250000000000000
0.1250000000000000
0.1260000000000000
0.1230000000000000
0.1200000000000000
0.1200000000000000
0.1200000000000000
0.1200000000000000
0.1180000000000000
0.1150000000000000
0.1150000000000000
0.1150000000000000
0.1120000000000000
0.1100000000000000
0.1100000000000000
0.1100000000000000
0.1100000000000000
0.1070000000000000
0.1040000000000000
0.1050000000000000
0.1050000000000000
0.1050000000000000
0.1020000000000000
0.1000000000000000
0.0990000000000000
0.0950000000000000
0.0950000000000000
0.0920000000000000
0.0900000000000000
0.0890000000000000
0.0850000000000000
0.0850000000000000
0.0820000000000000
0.0790000000000000
0.0810000000000000
0.0850000000000000
0.0850000000000000
0.0850000000000000
0.0850000000000000
0.0860000000000000
0.0900000000000000
0.0900000000000000
0.0900000000000000
0.0900000000000000
0.0900000000000000
0.0900000000000000
0.0940000000000000
0.0950000000000000
0.0950000000000000
0.0950000000000000
0.0950000000000000
0.0930000000000000
0.1110000000000000
0.1190000000000000
0.1080000000000000
0.1050000000000000
0.1020000000000000
0.0940000000000000
0.0880000000000000
0.0840000000000000
0.0800000000000000
0.0840000000000000
0.0860000000000000
0.0850000000000000
0.0850000000000000
0.0850000000000000
0.0850000000000000
0.0850000000000000
0.0850000000000000
0.0850000000000000
0.0850000000000000
0.0850000000000000
0.0850000000000000
0.0850000000000000
0.0850000000000000
0.0850000000000000
0.0850000000000000
0.0860000000000000
0.0830000000000000
0.0890000000000000
0.1050000000000000
0.0980000000000000
0.0920000000000000
0.0860000000000000
0.0780000000000000
0.0750000000000000
0.0800000000000000
0.1110000000000000
0.1260000000000000
0.1120000000000000
0.1050000000000000
0.0970000000000000
0.0890000000000000
0.0810000000000000
0.0730000000000000
0.0700000000000000
0.0740000000000000
0.0750000000000000
0.0750000000000000
0.0750000000000000
0.0750000000000000
0.0750000000000000
0.0730000000000000
0.0820000000000000
0.0980000000000000
0.1000000000000000
0.1000000000000000
0.1030000000000000
0.1050000000000000
0.1060000000000000
0.1100000000000000
0.1100000000000000
0.1100000000000000
0.1100000000000000
0.1100000000000000
0.1100000000000000
0.1100000000000000
0.1090000000000000
0.1120000000000000
0.1150000000000000
0.1150000000000000
0.1150000000000000
0.1150000000000000
0.1150000000000000
0.1150000000000000
0.1150000000000000
0.1160000000000000
0.1080000000000000
0.0920000000000000
0.0860000000000000
0.1100000000000000
0.1490000000000000
0.1550000000000000
0.1490000000000000
0.1490000000000000
0.1450000000000000
0.1450000000000000
0.1420000000000000
0.1400000000000000
0.1390000000000000
0.1350000000000000
0.1350000000000000
0.1320000000000000
0.1290000000000000
0.1310000000000000
0.1350000000000000
0.1350000000000000
0.1340000000000000
0.1370000000000000
0.1400000000000000
0.1400000000000000
0.1410000000000000
0.1330000000000000
0.1470000000000000
0.1740000000000000
0.1750000000000000
0.1750000000000000
0.1750000000000000
0.1770000000000000
0.1800000000000000
0.1800000000000000
0.1820000000000000
0.1720000000000000
0.2090000000000000
0.2600000000000000
0.2450000000000000
0.2400000000000000
0.2380000000000000
0.2310000000000000
0.2240000000000000
0.2200000000000000
0.2170000000000000
0.2070000000000000
0.1930000000000000
0.1830000000000000
0.1750000000000000
0.1630000000000000
0.1510000000000000
0.1400000000000000
0.1350000000000000
0.1400000000000000
0.1400000000000000
0.1400000000000000
0.1400000000000000
0.1400000000000000
0.1400000000000000
0.1410000000000000
0.1340000000000000
0.1270000000000000
0.1240000000000000
0.1300000000000000
0.1560000000000000
0.1590000000000000
0.1540000000000000
0.1550000000000000
0.1550000000000000
0.1550000000000000
0.1520000000000000
0.1490000000000000
0.1500000000000000
0.1500000000000000
0.1500000000000000
0.1510000000000000
0.1480000000000000
0.1450000000000000
0.1450000000000000
0.1450000000000000
0.1450000000000000
0.1450000000000000
0.1440000000000000
0.1400000000000000
0.1400000000000000
0.1400000000000000
0.1400000000000000
0.1400000000000000
0.1400000000000000
0.1360000000000000
0.1350000000000000
0.1350000000000000
0.1350000000000000
0.1350000000000000
0.1350000000000000
0.1380000000000000
0.1750000000000000
0.2420000000000000
0.3100000000000000
0.3960000000000000
0.4930000000000000
0.6000000000000000
0.6950000000000000
0.7650000000000000
0.8540000000000000
0.9630000000000000
1.0920000000000001
1.1910000000000001
1.2350000000000001
1.3310000000000000
1.4310000000000000
1.4150000000000000
1.2200000000000000
0.9100000000000000
0.6160000000000000
0.3000000000000000
0.0390000000000000
-0.1890000000000000
-0.4500000000000000
-0.5830000000000000
-0.5180000000000000
-0.3930000000000000
-0.3140000000000000
-0.2550000000000000
-0.1930000000000000
-0.1540000000000000
-0.1240000000000000
-0.0930000000000000
-0.0700000000000000
-0.0450000000000000
-0.0270000000000000
-0.0120000000000000
0.0040000000000000
0.0200000000000000
0.0330000000000000
0.0390000000000000
0.0400000000000000
0.0400000000000000
0.0400000000000000
0.0400000000000000
0.0390000000000000
0.0420000000000000
0.0450000000000000
0.0450000000000000
0.0450000000000000
0.0450000000000000
0.0450000000000000
0.0450000000000000
0.0450000000000000
0.0450000000000000
0.0450000000000000
0.0450000000000000
0.0450000000000000
0.0450000000000000
0.0450000000000000
0.0450000000000000
0.0450000000000000
0.0450000000000000
0.0450000000000000
0.0440000000000000
0.0510000000000000
0.0580000000000000
0.0600000000000000
0.0650000000000000
0.0820000000000000
0.0830000000000000
0.0790000000000000
0.0790000000000000
0.0750000000000000
0.0750000000000000
0.0760000000000000
0.0730000000000000
0.0700000000000000
0.0700000000000000
0.0700000000000000
0.0670000000000000
0.0640000000000000
0.0650000000000000
0.0650000000000000
0.0610000000000000
0.0600000000000000
0.0590000000000000
0.0610000000000000
0.0650000000000000
0.0620000000000000
0.0890000000000000
0.1110000000000000
0.1100000000000000
0.1100000000000000
0.1100000000000000
0.1100000000000000
0.1100000000000000
0.1110000000000000
0.1150000000000000
0.1150000000000000
0.1150000000000000
0.1150000000000000
0.1150000000000000
0.1150000000000000
0.1110000000000000
0.1110000000000000
0.1060000000000000
0.1100000000000000
0.1350000000000000
0.1320000000000000
0.1290000000000000
0.1310000000000000
0.1280000000000000
0.1300000000000000
0.1630000000000000
0.1770000000000000
0.1740000000000000
0.1760000000000000
0.1800000000000000
0.1800000000000000
0.1830000000000000
0.1850000000000000
0.1860000000000000
0.1950000000000000
0.2120000000000000
0.2200000000000000
0.2190000000000000
0.2220000000000000
0.2300000000000000
0.2340000000000000
0.2420000000000000
0.2440000000000000
0.2390000000000000
0.2400000000000000
0.2580000000000000
0.2860000000000000
0.2960000000000000
0.2880000000000000
0.2850000000000000
0.2850000000000000
0.2820000000000000
0.2790000000000000
0.2730000000000000
0.2750000000000000
0.3130000000000000
0.3210000000000000
0.3130000000000000
0.3160000000000000
0.3150000000000000
0.3110000000000000
0.3100000000000000
0.3100000000000000
0.3100000000000000
0.3100000000000000
0.3060000000000000
0.3050000000000000
0.3050000000000000
0.3050000000000000
0.3050000000000000
0.3010000000000000
0.2990000000000000
0.3010000000000000
0.2990000000000000
0.2950000000000000
0.2950000000000000
0.2950000000000000
0.2950000000000000
0.2940000000000000
0.2900000000000000
0.2900000000000000
0.2900000000000000
0.2910000000000000
0.2880000000000000
0.2750000000000000
0.2670000000000000
0.2560000000000000
0.2460000000000000
0.2370000000000000
0.2250000000000000
0.2170000000000000
0.2090000000000000
0.2010000000000000
0.1940000000000000
0.1900000000000000
0.1820000000000000
0.1740000000000000
0.1650000000000000
0.1690000000000000
0.1900000000000000
0.1830000000000000
0.1760000000000000
0.1740000000000000
0.1680000000000000
0.1600000000000000
0.1560000000000000
0.1530000000000000
0.1460000000000000
0.1390000000000000
0.1350000000000000
0.1310000000000000
0.1270000000000000
0.1230000000000000
0.1190000000000000
0.1150000000000000
0.1110000000000000
0.1100000000000000
0.1110000000000000
0.1090000000000000
0.1050000000000000
0.1050000000000000
0.1050000000000000
0.1050000000000000
0.1040000000000000
0.1000000000000000
0.1000000000000000
0.1000000000000000
0.1000000000000000
0.0990000000000000
0.0950000000000000
0.0950000000000000
0.0960000000000000
0.0930000000000000
0.0900000000000000
0.0900000000000000
0.0900000000000000
0.0910000000000000
0.0880000000000000
0.0850000000000000
0.0850000000000000
0.0850000000000000
0.0860000000000000
0.0830000000000000
0.0800000000000000
0.0800000000000000
0.0800000000000000
0.0800000000000000
0.0800000000000000
0.0800000000000000
0.0800000000000000
0.0800000000000000
0.0800000000000000
0.0800000000000000
0.0800000000000000
0.0800000000000000
0.0800000000000000
0.0800000000000000
0.0800000000000000
0.0800000000000000
0.0800000000000000
0.0800000000000000
0.0790000000000000
0.0850000000000000
0.0970000000000000
0.1000000000000000
0.1000000000000000
0.0990000000000000
0.1020000000000000
0.1050000000000000
0.1050000000000000
0.1050000000000000
0.1020000000000000
0.1000000000000000
0.0990000000000000
0.0950000000000000
0.0950000000000000
0.0960000000000000
0.0930000000000000
0.0900000000000000
0.0900000000000000
0.0860000000000000
0.0850000000000000
0.0840000000000000
0.0860000000000000
0.0950000000000000
0.1000000000000000
0.1010000000000000
0.1140000000000000
0.1260000000000000
0.1200000000000000
0.1200000000000000
0.1200000000000000
0.1200000000000000
0.1200000000000000
0.1200000000000000
0.1200000000000000
0.1210000000000000
0.1180000000000000
0.1150000000000000
0.1150000000000000
0.1150000000000000
0.1150000000000000
0.1150000000000000
0.1150000000000000
0.1150000000000000
0.1150000000000000
0.1120000000000000
0.1090000000000000
0.1100000000000000
0.1100000000000000
0.1100000000000000
0.1100000000000000
0.1100000000000000
0.1100000000000000
0.1100000000000000
0.1100000000000000
0.1070000000000000
0.1050000000000000
0.1040000000000000
0.1000000000000000
0.1000000000000000
0.1010000000000000
0.0980000000000000
0.0950000000000000
0.0950000000000000
0.0950000000000000
0.0920000000000000
0.0890000000000000
0.0900000000000000
0.0900000000000000
0.0860000000000000
0.0850000000000000
0.0830000000000000
0.0790000000000000
0.0800000000000000
0.0800000000000000
0.0770000000000000
0.0740000000000000
0.0750000000000000
0.0750000000000000
0.0710000000000000
0.0700000000000000
0.0700000000000000
0.0710000000000000
0.0750000000000000
0.0790000000000000
0.0830000000000000
0.0870000000000000
0.0900000000000000
0.0900000000000000
0.0900000000000000
0.0930000000000000
0.0950000000000000
0.0950000000000000
0.0950000000000000
0.0910000000000000
0.0900000000000000
0.0900000000000000
0.0900000000000000
0.0900000000000000
0.0900000000000000
0.0900000000000000
0.0900000000000000
0.0900000000000000
0.0900000000000000
0.0900000000000000
0.0900000000000000
0.0900000000000000
0.0890000000000000
0.0850000000000000
0.0850000000000000
0.0850000000000000
0.0850000000000000
0.0850000000000000
0.0850000000000000
0.0850000000000000
0.0850000000000000
0.0850000000000000
0.0850000000000000
0.0850000000000000
0.0850000000000000
0.0840000000000000
0.0870000000000000
0.0900000000000000
0.0900000000000000
0.0900000000000000
0.0900000000000000
0.0900000000000000
0.0900000000000000
0.0900000000000000
0.0900000000000000
0.0900000000000000
0.0900000000000000
0.0900000000000000
0.0900000000000000
0.0900000000000000
0.0900000000000000
0.0900000000000000
0.0900000000000000
0.0900000000000000
0.0900000000000000
0.0900000000000000
0.0900000000000000
0.0900000000000000
0.0900000000000000
0.0900000000000000
0.0900000000000000
0.0900000000000000
0.0900000000000000
0.0900000000000000
0.0980000000000000
0.1030000000000000
0.1090000000000000
0.1160000000000000
0.1200000000000000
0.1240000000000000
0.1260000000000000
0.1240000000000000
0.1260000000000000
0.1300000000000000
0.1300000000000000
0.1290000000000000
0.1320000000000000
0.1350000000000000
0.1350000000000000
0.1350000000000000
0.1330000000000000
0.1420000000000000
0.1490000000000000
0.1350000000000000
0.1270000000000000
0.1160000000000000
0.1060000000000000
0.0970000000000000
0.0850000000000000
0.0770000000000000
0.0710000000000000
0.0700000000000000
0.0700000000000000
0.0700000000000000
0.0660000000000000
0.0640000000000000
0.0660000000000000
0.0640000000000000
0.0600000000000000
0.0600000000000000
0.0610000000000000
0.0580000000000000
0.0550000000000000
0.0550000000000000
0.0550000000000000
0.0520000000000000
0.0490000000000000
0.0500000000000000
0.0500000000000000
0.0460000000000000
0.0440000000000000
0.0460000000000000
0.0440000000000000
0.0400000000000000
0.0400000000000000
0.0400000000000000
0.0400000000000000
0.0400000000000000
0.0400000000000000
0.0400000000000000
0.0400000000000000
0.0400000000000000
0.0400000000000000
0.0400000000000000
0.0400000000000000
0.0400000000000000
0.0400000000000000
0.0400000000000000
0.0400000000000000
0.0380000000000000
0.0580000000000000
0.0760000000000000
0.0820000000000000
0.0900000000000000
0.1000000000000000
0.1290000000000000
0.1880000000000000
0.2470000000000000
0.3050000000000000
0.4250000000000000
0.5260000000000000
0.5890000000000000
0.6540000000000000
0.7350000000000000
0.8050000000000000
0.8990000000000000
0.9930000000000000
1.0609999999999999
1.1299999999999999
1.2060000000000000
1.1499999999999999
0.9240000000000000
0.6370000000000000
0.3800000000000000
0.0970000000000000
-0.1450000000000000
-0.3700000000000000
-0.5639999999999999
-0.6300000000000000
-0.5480000000000000
-0.4500000000000000
-0.3720000000000000
-0.3050000000000000
-0.2500000000000000
-0.1920000000000000
-0.1560000000000000
-0.1330000000000000
-0.1100000000000000
-0.0950000000000000
-0.0830000000000000
-0.0680000000000000
-0.0530000000000000
-0.0430000000000000
-0.0400000000000000
-0.0400000000000000
-0.0400000000000000
-0.0400000000000000
-0.0400000000000000
-0.0400000000000000
-0.0400000000000000
-0.0370000000000000
-0.0340000000000000
-0.0350000000000000
-0.0350000000000000
-0.0350000000000000
-0.0360000000000000
-0.0330000000000000
-0.0300000000000000
-0.0300000000000000
-0.0300000000000000
-0.0300000000000000
-0.0310000000000000
-0.0290000000000000
-0.0200000000000000
-0.0110000000000000
-0.0070000000000000
0.0120000000000000
-0.0030000000000000
-0.0700000000000000
-0.0650000000000000
-0.0550000000000000
-0.0520000000000000
-0.0440000000000000
-0.0400000000000000
-0.0320000000000000
-0.0270000000000000
-0.0230000000000000
-0.0200000000000000
-0.0200000000000000
-0.0200000000000000
-0.0170000000000000
-0.0140000000000000
-0.0150000000000000
-0.0150000000000000
-0.0110000000000000
-0.0100000000000000
-0.0100000000000000
-0.0100000000000000
-0.0100000000000000
-0.0020000000000000
0.0030000000000000
0.0090000000000000
0.0160000000000000
0.0200000000000000
0.0410000000000000
0.0440000000000000
0.0390000000000000
0.0390000000000000
0.0350000000000000
0.0350000000000000
0.0320000000000000
0.0300000000000000
0.0290000000000000
0.0250000000000000
0.0250000000000000
0.0220000000000000
0.0190000000000000
0.0210000000000000
0.0250000000000000
0.0260000000000000
0.0210000000000000
0.0390000000000000
0.0630000000000000
0.0550000000000000
0.0510000000000000
0.0770000000000000
0.0920000000000000
0.0830000000000000
0.0800000000000000
0.0800000000000000
0.0770000000000000
0.0730000000000000
0.0690000000000000
0.0700000000000000
0.0820000000000000
0.0930000000000000
0.1120000000000000
0.1250000000000000
0.1100000000000000
0.0980000000000000
0.1210000000000000
0.1400000000000000
0.1400000000000000
0.1450000000000000
0.1490000000000000
0.1510000000000000
0.1620000000000000
0.1780000000000000
0.1850000000000000
0.1890000000000000
0.1930000000000000
0.1980000000000000
0.2000000000000000
0.1950000000000000
0.1940000000000000
0.2040000000000000
0.2140000000000000
0.2150000000000000
0.2150000000000000
0.2190000000000000
0.2190000000000000
0.2240000000000000
0.2310000000000000
0.2300000000000000
0.2300000000000000
0.2320000000000000
0.2260000000000000
0.2390000000000000
0.2800000000000000
0.2740000000000000
0.2630000000000000
0.2560000000000000
0.2480000000000000
0.2400000000000000
0.2320000000000000
0.2260000000000000
0.2270000000000000
0.2300000000000000
0.2300000000000000
0.2340000000000000
0.2350000000000000
0.2360000000000000
0.2410000000000000
0.2400000000000000
0.2280000000000000
0.2190000000000000
0.2090000000000000
0.1980000000000000
0.1900000000000000
0.1780000000000000
0.1690000000000000
0.1610000000000000
0.1530000000000000
0.1450000000000000
0.1370000000000000
0.1290000000000000
0.1210000000000000
0.1130000000000000
0.1050000000000000
0.0930000000000000
0.0840000000000000
0.0760000000000000
0.0680000000000000
0.0600000000000000
0.0530000000000000
0.0400000000000000
0.0510000000000000
0.0720000000000000
0.0650000000000000
0.0610000000000000
0.0570000000000000
0.0550000000000000
0.0550000000000000
0.0500000000000000
0.0460000000000000
0.0450000000000000
0.0440000000000000
0.0390000000000000
0.0350000000000000
0.0350000000000000
0.0320000000000000
0.0290000000000000
0.0300000000000000
0.0300000000000000
0.0300000000000000
0.0270000000000000
0.0240000000000000
0.0250000000000000
0.0250000000000000
0.0250000000000000
0.0220000000000000
0.0190000000000000
0.0200000000000000
0.0200000000000000
0.0200000000000000
0.0210000000000000
0.0180000000000000
0.0150000000000000
0.0150000000000000
0.0150000000000000
0.0160000000000000
0.0130000000000000
0.0100000000000000
0.0100000000000000
0.0100000000000000
0.0100000000000000
0.0110000000000000
0.0090000000000000
0.0000000000000000
-0.0040000000000000
-0.0080000000000000
-0.0130000000000000
-0.0140000000000000
-0.0100000000000000
-0.0100000000000000
-0.0070000000000000
-0.0040000000000000
-0.0050000000000000
-0.0050000000000000
-0.0010000000000000
0.0000000000000000
0.0020000000000000
0.0060000000000000
0.0050000000000000
0.0020000000000000
0.0240000000000000
0.0360000000000000
0.0290000000000000
0.0300000000000000
0.0300000000000000
0.0300000000000000
0.0300000000000000
0.0300000000000000
0.0300000000000000
0.0300000000000000
0.0270000000000000
0.0240000000000000
0.0250000000000000
0.0250000000000000
0.0250000000000000
0.0250000000000000
0.0250000000000000
0.0250000000000000
0.0250000000000000
0.0230000000000000
0.0410000000000000
0.0510000000000000
0.0440000000000000
0.0450000000000000
0.0460000000000000
0.0420000000000000
0.0390000000000000
0.0400000000000000
0.0400000000000000
0.0360000000000000
0.0340000000000000
0.0360000000000000
0.0340000000000000
0.0300000000000000
0.0300000000000000
0.0310000000000000
0.0280000000000000
0.0250000000000000
0.0250000000000000
0.0260000000000000
0.0220000000000000
0.0200000000000000
0.0190000000000000
0.0200000000000000
0.0410000000000000
0.0440000000000000
0.0390000000000000
0.0390000000000000
0.0350000000000000
0.0350000000000000
0.0360000000000000
0.0330000000000000
0.0300000000000000
0.0300000000000000
0.0300000000000000
0.0270000000000000
0.0240000000000000
0.0250000000000000
0.0250000000000000
0.0210000000000000
0.0200000000000000
0.0180000000000000
0.0140000000000000
0.0150000000000000
0.0150000000000000
0.0120000000000000
0.0090000000000000
0.0100000000000000
0.0100000000000000
0.0060000000000000
0.0040000000000000
0.0060000000000000
0.0040000000000000
0.0000000000000000
0.0000000000000000
-0.0030000000000000
-0.0050000000000000
-0.0060000000000000
-0.0100000000000000
-0.0100000000000000
-0.0090000000000000
-0.0120000000000000
-0.0150000000000000
-0.0150000000000000
-0.0190000000000000
-0.0200000000000000
-0.0220000000000000
-0.0250000000000000
-0.0250000000000000
-0.0250000000000000
-0.0220000000000000
-0.0190000000000000
-0.0200000000000000
-0.0200000000000000
-0.0200000000000000
-0.0170000000000000
-0.0140000000000000
-0.0150000000000000
-0.0150000000000000
-0.0150000000000000
-0.0120000000000000
-0.0090000000000000
-0.0100000000000000
-0.0100000000000000
-0.0100000000000000
-0.0110000000000000
-0.0080000000000000
-0.0050000000000000
-0.0050000000000000
-0.0050000000000000
-0.0060000000000000
-0.0030000000000000
0.0000000000000000
0.0000000000000000
0.0000000000000000
0.0000000000000000
0.0000000000000000
0.0000000000000000
0.0000000000000000
0.0000000000000000
0.0000000000000000
0.0000000000000000
0.0000000000000000
0.0000000000000000
0.0000000000000000
0.0000000000000000
0.0000000000000000
0.0000000000000000
0.0000000000000000
0.0000000000000000
-0.0010000000000000
0.0020000000000000
-0.0030000000000000
-0.0200000000000000
-0.0170000000000000
-0.0110000000000000
-0.0090000000000000
-0.0030000000000000
0.0000000000000000
-0.0150000000000000
-0.0320000000000000
-0.0330000000000000
-0.0230000000000000
-0.0200000000000000
-0.0170000000000000
-0.0090000000000000
-0.0020000000000000
0.0010000000000000
0.0050000000000000
0.0090000000000000
0.0130000000000000
0.0170000000000000
0.0210000000000000
0.0250000000000000
0.0210000000000000
0.0190000000000000
0.0220000000000000
0.0350000000000000
0.0550000000000000
0.0600000000000000
0.0630000000000000
0.0640000000000000
0.0590000000000000
0.0550000000000000
0.0550000000000000
0.0520000000000000
0.0500000000000000
0.0500000000000000
0.0450000000000000
0.0400000000000000
0.0400000000000000
0.0380000000000000
0.0350000000000000
0.0350000000000000
0.0310000000000000
0.0270000000000000
0.0230000000000000
0.0190000000000000
0.0150000000000000
0.0150000000000000
0.0120000000000000
0.0080000000000000
0.0040000000000000
0.0000000000000000
-0.0040000000000000
-0.0050000000000000
-0.0070000000000000
-0.0100000000000000
-0.0100000000000000
-0.0140000000000000
-0.0150000000000000
-0.0170000000000000
-0.0200000000000000
-0.0200000000000000
-0.0240000000000000
-0.0250000000000000
-0.0270000000000000
-0.0300000000000000
-0.0300000000000000
-0.0340000000000000
-0.0350000000000000
-0.0370000000000000
-0.0400000000000000
-0.0400000000000000
-0.0440000000000000
-0.0430000000000000
-0.0370000000000000
-0.0350000000000000
-0.0350000000000000
-0.0310000000000000
-0.0300000000000000
-0.0290000000000000
-0.0240000000000000
-0.0200000000000000
-0.0200000000000000
-0.0170000000000000
-0.0150000000000000
-0.0140000000000000
-0.0050000000000000
0.0030000000000000
0.0120000000000000
0.0140000000000000
0.0270000000000000
0.0800000000000000
0.1530000000000000
0.2180000000000000
0.3000000000000000
0.3990000000000000
0.4800000000000000
0.5430000000000000
0.6190000000000000
0.7000000000000000
0.7990000000000000
0.9150000000000000
0.9690000000000000
1.0240000000000000
1.0930000000000000
1.0810000000000000
0.9050000000000000
0.6240000000000000
0.3370000000000000
0.0650000000000000
-0.1820000000000000
-0.4050000000000000
-0.6310000000000000
-0.7100000000000000
-0.6500000000000000
-0.5510000000000000
-0.4700000000000000
-0.4090000000000000
-0.3540000000000000
-0.2950000000000000
-0.2450000000000000
-0.2150000000000000
-0.1860000000000000
-0.1640000000000000
-0.1460000000000000
-0.1330000000000000
-0.1300000000000000
-0.1260000000000000
-0.1250000000000000
-0.1230000000000000
-0.1200000000000000
-0.1200000000000000
-0.1160000000000000
-0.1110000000000000
-0.1100000000000000
-0.1090000000000000
-0.1050000000000000
-0.1050000000000000
-0.1020000000000000
-0.0980000000000000
-0.0940000000000000
-0.0900000000000000
-0.0900000000000000
-0.0880000000000000
-0.0820000000000000
-0.0800000000000000
-0.0800000000000000
-0.0760000000000000
-0.0720000000000000
-0.0690000000000000
-0.0710000000000000
-0.0750000000000000
-0.0750000000000000
-0.0750000000000000
-0.0750000000000000
-0.0750000000000000
-0.0750000000000000
-0.0750000000000000
-0.0760000000000000
-0.0870000000000000
-0.0960000000000000
-0.0900000000000000
-0.0860000000000000
-0.0820000000000000
-0.0780000000000000
-0.0740000000000000
-0.0700000000000000
-0.0640000000000000
-0.0770000000000000
-0.0860000000000000
-0.0780000000000000
-0.0750000000000000
-0.0750000000000000
-0.0730000000000000
-0.0670000000000000
-0.0650000000000000
-0.0650000000000000
-0.0610000000000000
-0.0590000000000000
-0.0610000000000000
-0.0590000000000000
-0.0550000000000000
-0.0550000000000000
-0.0560000000000000
-0.0530000000000000
-0.0500000000000000
-0.0500000000000000
-0.0500000000000000
-0.0470000000000000
-0.0440000000000000
-0.0450000000000000
-0.0450000000000000
-0.0410000000000000
-0.0390000000000000
-0.0410000000000000
-0.0390000000000000
-0.0350000000000000
-0.0350000000000000
-0.0360000000000000
-0.0320000000000000
-0.0230000000000000
-0.0200000000000000
-0.0160000000000000
-0.0090000000000000
-0.0020000000000000
0.0010000000000000
0.0050000000000000
0.0130000000000000
0.0210000000000000
0.0300000000000000
0.0350000000000000
0.0400000000000000
0.0700000000000000
0.0750000000000000
0.0670000000000000
0.0640000000000000
0.0600000000000000
0.0580000000000000
0.0730000000000000
0.0970000000000000
0.1120000000000000
0.1150000000000000
0.1150000000000000
0.1180000000000000
0.1200000000000000
0.1210000000000000
0.1250000000000000
0.1260000000000000
0.1220000000000000
0.1360000000000000
0.1580000000000000
0.1600000000000000
0.1600000000000000
0.1600000000000000
0.1600000000000000
0.1600000000000000
0.1600000000000000
0.1640000000000000
0.1650000000000000
0.1650000000000000
0.1650000000000000
0.1650000000000000
0.1630000000000000
0.1780000000000000
0.1840000000000000
0.1720000000000000
0.1650000000000000
0.1610000000000000
0.1540000000000000
0.1460000000000000
0.1380000000000000
0.1350000000000000
0.1390000000000000
0.1440000000000000
0.1440000000000000
0.1390000000000000
0.1350000000000000
0.1310000000000000
0.1270000000000000
0.1230000000000000
0.1190000000000000
0.1150000000000000
0.1110000000000000
0.1060000000000000
0.1050000000000000
0.1050000000000000
0.1000000000000000
0.0950000000000000
0.0960000000000000
0.0900000000000000
0.0770000000000000
0.0700000000000000
0.0620000000000000
0.0540000000000000
0.0460000000000000
0.0380000000000000
0.0300000000000000
0.0220000000000000
0.0170000000000000
0.0130000000000000
0.0090000000000000
0.0050000000000000
0.0010000000000000
-0.0030000000000000
-0.0090000000000000
-0.0170000000000000
-0.0250000000000000
-0.0330000000000000
-0.0380000000000000
-0.0420000000000000
-0.0450000000000000
-0.0450000000000000
-0.0450000000000000
-0.0480000000000000
-0.0510000000000000
-0.0500000000000000
-0.0500000000000000
-0.0540000000000000
-0.0550000000000000
-0.0550000000000000
-0.0550000000000000
-0.0550000000000000
-0.0550000000000000
-0.0580000000000000
-0.0610000000000000
-0.0600000000000000
-0.0600000000000000
-0.0600000000000000
-0.0600000000000000
-0.0620000000000000
-0.0660000000000000
-0.0700000000000000
-0.0780000000000000
-0.0840000000000000
-0.0830000000000000
-0.0800000000000000
-0.0800000000000000
-0.0800000000000000
-0.0810000000000000
-0.0780000000000000
-0.0750000000000000
-0.0750000000000000
-0.0750000000000000
-0.0760000000000000
-0.0730000000000000
-0.0700000000000000
-0.0700000000000000
-0.0700000000000000
-0.0700000000000000
-0.0700000000000000
-0.0690000000000000
-0.0650000000000000
-0.0650000000000000
-0.0650000000000000
-0.0650000000000000
-0.0640000000000000
-0.0600000000000000
-0.0600000000000000
-0.0600000000000000
-0.0600000000000000
-0.0600000000000000
-0.0600000000000000
-0.0560000000000000
-0.0550000000000000
-0.0550000000000000
-0.0550000000000000
-0.0550000000000000
-0.0550000000000000
-0.0550000000000000
-0.0550000000000000
-0.0540000000000000
-0.0500000000000000
-0.0500000000000000
-0.0500000000000000
-0.0500000000000000
-0.0500000000000000
-0.0500000000000000
-0.0500000000000000
-0.0510000000000000
-0.0480000000000000
-0.0450000000000000
-0.0450000000000000
-0.0450000000000000
-0.0450000000000000
-0.0450000000000000
-0.0450000000000000
-0.0450000000000000
-0.0450000000000000
-0.0450000000000000
-0.0470000000000000
-0.0510000000000000
-0.0550000000000000
-0.0590000000000000
-0.0610000000000000
-0.0580000000000000
-0.0550000000000000
-0.0550000000000000
-0.0550000000000000
-0.0550000000000000
-0.0550000000000000
-0.0550000000000000
-0.0550000000000000
-0.0550000000000000
-0.0550000000000000
-0.0550000000000000
-0.0550000000000000
-0.0550000000000000
-0.0550000000000000
-0.0550000000000000
-0.0550000000000000
-0.0550000000000000
-0.0550000000000000
-0.0630000000000000
-0.0680000000000000
-0.0720000000000000
-0.0750000000000000
-0.0750000000000000
-0.0750000000000000
-0.0750000000000000
-0.0750000000000000
-0.0750000000000000
-0.0750000000000000
-0.0750000000000000
-0.0780000000000000
-0.0810000000000000
-0.0800000000000000
-0.0800000000000000
-0.0800000000000000
-0.0800000000000000
-0.0800000000000000
-0.0800000000000000
-0.0800000000000000
-0.0840000000000000
-0.0850000000000000
-0.0850000000000000
-0.0850000000000000
-0.0850000000000000
-0.0850000000000000
-0.0850000000000000
-0.0850000000000000
-0.0850000000000000
-0.0850000000000000
-0.0890000000000000
-0.0900000000000000
-0.0900000000000000
-0.0900000000000000
-0.0900000000000000
-0.0900000000000000
-0.0900000000000000
-0.0900000000000000
-0.0900000000000000
-0.0900000000000000
-0.0900000000000000
-0.0900000000000000
-0.0900000000000000
-0.0900000000000000
-0.0900000000000000
-0.0900000000000000
-0.0900000000000000
-0.0900000000000000
-0.0900000000000000
-0.0900000000000000
-0.0900000000000000
-0.0900000000000000
-0.0900000000000000
-0.0900000000000000
-0.0900000000000000
-0.0900000000000000
-0.0910000000000000
-0.0860000000000000
-0.0790000000000000
-0.0750000000000000
-0.0670000000000000
-0.0620000000000000
-0.0560000000000000
-0.0480000000000000
-0.0450000000000000
-0.0490000000000000
-0.0510000000000000
-0.0490000000000000
-0.0510000000000000
-0.0550000000000000
-0.0550000000000000
-0.0540000000000000
-0.0570000000000000
-0.0600000000000000
-0.0600000000000000
-0.0600000000000000
-0.0600000000000000
-0.0600000000000000
-0.0600000000000000
-0.0600000000000000
-0.0560000000000000
-0.0550000000000000
-0.0550000000000000
-0.0550000000000000
-0.0550000000000000
-0.0550000000000000
-0.0550000000000000
-0.0550000000000000
-0.0550000000000000
-0.0550000000000000
-0.0550000000000000
-0.0550000000000000
-0.0550000000000000
-0.0550000000000000
-0.0550000000000000
-0.0550000000000000
-0.0550000000000000
-0.0550000000000000
-0.0550000000000000
-0.0550000000000000
-0.0550000000000000
-0.0540000000000000
-0.0580000000000000
-0.0680000000000000
-0.0700000000000000
-0.0540000000000000
-0.0760000000000000
-0.0920000000000000
-0.0840000000000000
-0.0850000000000000
-0.0850000000000000
-0.0850000000000000
-0.0850000000000000
-0.0840000000000000
-0.0850000000000000
-0.1020000000000000
-0.1070000000000000
-0.1040000000000000
-0.1050000000000000
-0.1050000000000000
-0.1040000000000000
-0.1120000000000000
-0.1150000000000000
-0.1090000000000000
-0.1050000000000000
-0.1010000000000000
-0.0950000000000000
-0.1000000000000000
-0.1200000000000000
-0.1350000000000000
-0.1310000000000000
-0.1300000000000000
-0.1280000000000000
-0.1240000000000000
-0.1250000000000000
-0.1260000000000000
-0.1220000000000000
-0.1200000000000000
-0.1190000000000000
-0.1150000000000000
-0.1150000000000000
-0.1160000000000000
-0.1120000000000000
-0.1030000000000000
-0.0950000000000000
-0.0860000000000000
-0.0860000000000000
-0.0640000000000000
-0.0190000000000000
0.0200000000000000
0.0690000000000000
0.1470000000000000
0.2610000000000000
0.3740000000000000
0.4450000000000000
0.5020000000000000
0.5920000000000000
0.7260000000000000
0.8510000000000000
0.9350000000000001
1.0289999999999999
1.0980000000000001
1.1170000000000000
0.9990000000000000
0.7150000000000000
0.4430000000000000
0.1260000000000000
-0.1600000000000000
-0.3610000000000000
-0.5649999999999999
-0.8100000000000001
-0.8370000000000000
-0.7200000000000000
-0.6170000000000000
-0.5350000000000000
-0.4520000000000000
-0.3960000000000000
-0.3520000000000000
-0.3120000000000000
-0.2850000000000000
-0.2560000000000000
-0.2390000000000000
-0.2310000000000000
-0.2220000000000000
-0.2100000000000000
-0.2020000000000000
-0.1960000000000000
-0.1950000000000000
-0.1950000000000000
-0.1950000000000000
-0.1950000000000000
-0.1950000000000000
-0.1950000000000000
-0.1940000000000000
-0.1900000000000000
-0.1850000000000000
-0.1850000000000000
-0.1830000000000000
-0.1800000000000000
-0.1800000000000000
-0.1760000000000000
-0.1710000000000000
-0.1700000000000000
-0.1690000000000000
-0.1650000000000000
-0.1650000000000000
-0.1620000000000000
-0.1590000000000000
-0.1600000000000000
-0.1600000000000000
-0.1560000000000000
-0.1540000000000000
-0.1560000000000000
-0.1540000000000000
-0.1500000000000000
-0.1500000000000000
-0.1510000000000000
-0.1480000000000000
-0.1450000000000000
-0.1450000000000000
-0.1450000000000000
-0.1420000000000000
-0.1390000000000000
-0.1400000000000000
-0.1400000000000000
-0.1360000000000000
-0.1340000000000000
-0.1360000000000000
-0.1340000000000000
-0.1300000000000000
-0.1300000000000000
-0.1310000000000000
-0.1280000000000000
-0.1340000000000000
-0.1550000000000000
-0.1520000000000000
-0.1500000000000000
-0.1480000000000000
-0.1450000000000000
-0.1450000000000000
-0.1410000000000000
-0.1400000000000000
-0.1380000000000000
-0.1350000000000000
-0.1350000000000000
-0.1310000000000000
-0.1300000000000000
-0.1290000000000000
-0.1240000000000000
-0.1200000000000000
-0.1160000000000000
-0.1120000000000000
-0.1080000000000000
-0.1040000000000000
-0.1000000000000000
-0.0960000000000000
-0.0920000000000000
-0.0880000000000000
-0.0840000000000000
-0.0800000000000000
-0.0760000000000000
-0.0720000000000000
-0.0680000000000000
-0.0640000000000000
-0.0600000000000000
-0.0560000000000000
-0.0520000000000000
-0.0480000000000000
-0.0440000000000000
-0.0400000000000000
-0.0360000000000000
-0.0320000000000000
-0.0280000000000000
-0.0240000000000000
-0.0200000000000000
-0.0150000000000000
-0.0160000000000000
-0.0100000000000000
0.0030000000000000
0.0100000000000000
0.0170000000000000
0.0290000000000000
0.0390000000000000
0.0470000000000000
0.0550000000000000
0.0520000000000000
0.0470000000000000
0.0440000000000000
0.0380000000000000
0.0400000000000000
0.0740000000000000
0.0800000000000000
0.0730000000000000
0.0750000000000000
0.0750000000000000
0.0750000000000000
0.0720000000000000
0.0690000000000000
0.0700000000000000
0.0700000000000000
0.0700000000000000
0.0710000000000000
0.0680000000000000
0.0650000000000000
0.0650000000000000
0.0650000000000000
0.0660000000000000
0.0630000000000000
0.0600000000000000
0.0600000000000000
0.0600000000000000
0.0600000000000000
0.0610000000000000
0.0590000000000000
0.0500000000000000
0.0460000000000000
0.0420000000000000
0.0380000000000000
0.0340000000000000
0.0300000000000000
0.0260000000000000
0.0190000000000000
0.0110000000000000
0.0030000000000000
-0.0050000000000000
-0.0130000000000000
-0.0210000000000000
-0.0280000000000000
-0.0400000000000000
-0.0600000000000000
-0.0650000000000000
-0.0640000000000000
-0.0670000000000000
-0.0700000000000000
-0.0700000000000000
-0.0740000000000000
-0.0790000000000000
-0.0810000000000000
-0.0890000000000000
-0.1050000000000000
-0.1060000000000000
-0.1050000000000000
-0.1030000000000000
-0.1080000000000000
-0.1250000000000000
-0.1220000000000000
-0.1190000000000000
-0.1210000000000000
-0.1190000000000000
-0.1150000000000000
-0.1150000000000000
-0.1160000000000000
-0.1130000000000000
-0.1090000000000000
-0.1100000000000000
-0.1110000000000000
-0.1070000000000000
-0.1210000000000000
-0.1430000000000000
-0.1400000000000000
-0.1380000000000000
-0.1530000000000000
-0.1600000000000000
-0.1540000000000000
-0.1550000000000000
-0.1550000000000000
-0.1550000000000000
-0.1560000000000000
-0.1540000000000000
-0.1550000000000000
-0.1720000000000000
-0.1740000000000000
-0.1690000000000000
-0.1700000000000000
-0.1700000000000000
-0.1700000000000000
-0.1700000000000000
-0.1700000000000000
-0.1690000000000000
-0.1650000000000000
-0.1650000000000000
-0.1650000000000000
-0.1650000000000000
-0.1650000000000000
-0.1650000000000000
-0.1650000000000000
-0.1650000000000000
-0.1650000000000000
-0.1650000000000000
-0.1650000000000000
-0.1650000000000000
-0.1650000000000000
-0.1650000000000000
-0.1650000000000000
-0.1650000000000000
-0.1650000000000000
-0.1650000000000000
-0.1650000000000000
-0.1650000000000000
-0.1650000000000000
-0.1650000000000000
-0.1650000000000000
-0.1650000000000000
-0.1650000000000000
-0.1650000000000000
-0.1650000000000000
-0.1620000000000000
-0.1570000000000000
-0.1550000000000000
-0.1550000000000000
-0.1510000000000000
-0.1460000000000000
-0.1450000000000000
-0.1440000000000000
-0.1400000000000000
-0.1400000000000000
-0.1400000000000000
-0.1400000000000000
-0.1400000000000000
-0.1400000000000000
-0.1400000000000000
-0.1400000000000000
-0.1400000000000000
-0.1400000000000000
-0.1400000000000000
-0.1360000000000000
-0.1350000000000000
-0.1350000000000000
-0.1350000000000000
-0.1350000000000000
-0.1350000000000000
-0.1350000000000000
-0.1350000000000000
-0.1350000000000000
-0.1350000000000000
-0.1340000000000000
-0.1440000000000000
-0.1690000000000000
-0.1860000000000000
-0.1800000000000000
-0.1800000000000000
-0.1800000000000000
-0.1800000000000000
-0.1800000000000000
-0.1800000000000000
-0.1760000000000000
-0.1750000000000000
-0.1750000000000000
-0.1750000000000000
-0.1750000000000000
-0.1750000000000000
-0.1760000000000000
-0.1730000000000000
-0.1700000000000000
-0.1700000000000000
-0.1700000000000000
-0.1700000000000000
-0.1700000000000000
-0.1690000000000000
-0.1650000000000000
-0.1650000000000000
-0.1650000000000000
-0.1650000000000000
-0.1650000000000000
-0.1650000000000000
-0.1650000000000000
-0.1680000000000000
-0.1700000000000000
-0.1710000000000000
-0.1750000000000000
-0.1750000000000000
-0.1780000000000000
-0.1820000000000000
-0.1870000000000000
-0.1950000000000000
-0.1920000000000000
-0.1860000000000000
-0.1850000000000000
-0.1840000000000000
-0.1800000000000000
-0.1800000000000000
-0.1780000000000000
-0.1720000000000000
-0.1700000000000000
-0.1700000000000000
-0.1660000000000000
-0.1650000000000000
-0.1630000000000000
-0.1600000000000000
-0.1600000000000000
-0.1600000000000000
-0.1600000000000000
-0.1610000000000000
-0.1590000000000000
-0.1600000000000000
-0.1820000000000000
-0.1790000000000000
-0.1630000000000000
-0.1520000000000000
-0.1400000000000000
-0.1280000000000000
-0.1160000000000000
-0.1060000000000000
-0.0980000000000000
-0.1050000000000000
-0.1470000000000000
-0.1620000000000000
-0.1590000000000000
-0.1600000000000000
-0.1600000000000000
-0.1600000000000000
-0.1600000000000000
-0.1600000000000000
-0.1600000000000000
-0.1600000000000000
-0.1600000000000000
-0.1620000000000000
-0.1550000000000000
-0.1700000000000000
-0.2200000000000000
-0.2180000000000000
-0.2130000000000000
-0.2160000000000000
-0.2150000000000000
-0.2150000000000000
-0.2160000000000000
-0.2120000000000000
-0.2250000000000000
-0.2410000000000000
-0.2350000000000000
-0.2350000000000000
-0.2320000000000000
-0.2300000000000000
-0.2300000000000000
-0.2250000000000000
-0.2210000000000000
-0.2500000000000000
-0.2670000000000000
-0.2590000000000000
-0.2600000000000000
-0.2600000000000000
-0.2600000000000000
-0.2610000000000000
-0.2580000000000000
-0.2600000000000000
-0.2950000000000000
-0.2950000000000000
-0.2790000000000000
-0.2740000000000000
-0.2650000000000000
-0.2530000000000000
-0.2440000000000000
-0.2350000000000000
-0.2310000000000000
-0.2400000000000000
-0.2410000000000000
-0.2400000000000000
-0.2400000000000000
-0.2400000000000000
-0.2400000000000000
-0.2480000000000000
-0.2850000000000000
-0.2860000000000000
-0.2470000000000000
-0.2200000000000000
-0.1840000000000000
-0.1530000000000000
-0.1080000000000000
-0.0170000000000000
0.1150000000000000
0.2380000000000000
0.3410000000000000
0.4400000000000000
0.5580000000000001
0.6899999999999999
0.7990000000000000
0.9419999999999999
1.0920000000000001
1.2300000000000000
1.2949999999999999
1.1080000000000001
0.7970000000000000
0.4610000000000000
0.1290000000000000
-0.1700000000000000
-0.4270000000000000
-0.7140000000000000
-0.9240000000000000
-0.9580000000000000
-0.8700000000000000
-0.7770000000000000
-0.6919999999999999
-0.6240000000000000
-0.5639999999999999
-0.5050000000000000
-0.4790000000000000
-0.4630000000000000
-0.4320000000000000
-0.3890000000000000
-0.3550000000000000
-0.3490000000000000
-0.3510000000000000
-0.3480000000000000
-0.3450000000000000
-0.3450000000000000
-0.3410000000000000
-0.3390000000000000
-0.3440000000000000
-0.3510000000000000
-0.3550000000000000
-0.3600000000000000
-0.3570000000000000
-0.3540000000000000
-0.3550000000000000
-0.3550000000000000
-0.3550000000000000
-0.3550000000000000
-0.3550000000000000
-0.3550000000000000
-0.3550000000000000
-0.3550000000000000
-0.3560000000000000
-0.3530000000000000
-0.3500000000000000
-0.3500000000000000
-0.3500000000000000
-0.3500000000000000
-0.3500000000000000
-0.3500000000000000
-0.3500000000000000
-0.3500000000000000
-0.3490000000000000
-0.3530000000000000
-0.3450000000000000
-0.3350000000000000
-0.3860000000000000
-0.3920000000000000
-0.3730000000000000
-0.3690000000000000
-0.3600000000000000
-0.3470000000000000
-0.3400000000000000
-0.3260000000000000
-0.3330000000000000
-0.3750000000000000
-0.3730000000000000
-0.3690000000000000
-0.3690000000000000
-0.3650000000000000
-0.3650000000000000
-0.3610000000000000
-0.3600000000000000
-0.3590000000000000
-0.3540000000000000
-0.3500000000000000
-0.3460000000000000
-0.3450000000000000
-0.3440000000000000
-0.3390000000000000
-0.3350000000000000
-0.3350000000000000
-0.3330000000000000
-0.3270000000000000
-0.3250000000000000
-0.3250000000000000
-0.3210000000000000
-0.3170000000000000
-0.3130000000000000
-0.3100000000000000
-0.3100000000000000
-0.3060000000000000
-0.3010000000000000
-0.3000000000000000
-0.2990000000000000
-0.2950000000000000
-0.2900000000000000
-0.2910000000000000
-0.2870000000000000
-0.2790000000000000
-0.2750000000000000
-0.2670000000000000
-0.2620000000000000
-0.2580000000000000
-0.2460000000000000
-0.2450000000000000
-0.2880000000000000
-0.2860000000000000
-0.2590000000000000
-0.2480000000000000
-0.2400000000000000
-0.2320000000000000
-0.2240000000000000
-0.2160000000000000
-0.2080000000000000
-0.2000000000000000
-0.1920000000000000
-0.1840000000000000
-0.1760000000000000
-0.1680000000000000
-0.1600000000000000
-0.1550000000000000
-0.1580000000000000
-0.1610000000000000
-0.1600000000000000
-0.1600000000000000
-0.1600000000000000
-0.1600000000000000
-0.1610000000000000
-0.1590000000000000
-0.1500000000000000
-0.1410000000000000
-0.1370000000000000
-0.1320000000000000
-0.1230000000000000
-0.1150000000000000
-0.1110000000000000
-0.1040000000000000
-0.0970000000000000
-0.0940000000000000
-0.0900000000000000
-0.0820000000000000
-0.0770000000000000
-0.0720000000000000
-0.0710000000000000
-0.0750000000000000
-0.0750000000000000
-0.1140000000000000
-0.1570000000000000
-0.1720000000000000
-0.1750000000000000
-0.1750000000000000
-0.1750000000000000
-0.1750000000000000
-0.1750000000000000
-0.1750000000000000
-0.1750000000000000
-0.1750000000000000
-0.1750000000000000
-0.1750000000000000
-0.1750000000000000
-0.1750000000000000
-0.1750000000000000
-0.1750000000000000
-0.1750000000000000
-0.1750000000000000
-0.1750000000000000
-0.1750000000000000
-0.1750000000000000
-0.1750000000000000
-0.1750000000000000
-0.1750000000000000
-0.1750000000000000
-0.1750000000000000
-0.1750000000000000
-0.1750000000000000
-0.1750000000000000
-0.1750000000000000
-0.1750000000000000
-0.1750000000000000
-0.1750000000000000
-0.1750000000000000
-0.1750000000000000
-0.1750000000000000
-0.1750000000000000
-0.1750000000000000
-0.1750000000000000
-0.1750000000000000
-0.1750000000000000
-0.1750000000000000
-0.1750000000000000
-0.1750000000000000
-0.1750000000000000
-0.1750000000000000
-0.1750000000000000
-0.1750000000000000
-0.1750000000000000
-0.1750000000000000
-0.1750000000000000
-0.1750000000000000
-0.1750000000000000
-0.1750000000000000
-0.1750000000000000
-0.1750000000000000
-0.1750000000000000
